00:0B:57:64:8F:DD,1637425087,1,403,0,188.95,38.14,13.91,56.10
00:0B:57:64:8F:DD,1637425156,1,411,0,105.94,37.76,13.84,54.92
14:B4:57:6D:A5:6D,1637425123,2,410,0,163.40,29.35,23.25,56.30
00:0B:57:64:8F:DD,1637425209,1,409,0,110.16,36.52,14.79,55.99
14:B4:57:6D:A5:6D,1637425185,2,414,0,150.19,29.64,22.99,56.60
08:6B:D7:FE:13:F7,1637425867,0,417,0,308.53,27.74,25.80,64.73
58:8E:81:72:F6:11,1637425823,0,416,0,180.41,28.89,23.65,63.04
58:8E:81:72:F6:52,1637425795,0,433,0,25.43,28.37,24.22,56.73
00:0B:57:64:8F:DD,1637425766,9,569,0,109.00,34.63,16.37,54.46
14:B4:57:6D:A5:6D,1637425725,19,527,0,260.54,30.17,22.03,58.01
58:8E:81:72:F6:11,1637425934,4,436,0,184.02,30.47,21.96,58.82
58:8E:81:72:F6:52,1637425905,9,400,0,44.69,29.74,23.19,56.61
00:0B:57:64:8F:DD,1637425987,5,432,0,108.00,35.07,16.36,56.52
08:6B:D7:FE:13:F7,1637426137,0,400,0,350.31,30.27,22.71,53.60
58:8E:81:72:F6:52,1637426080,0,410,0,44.41,31.23,21.16,54.33
00:0B:57:64:8F:DD,1637426051,3,402,0,109.73,34.90,16.27,52.05
08:6B:D7:FE:13:F7,1637426410,2,424,0,353.80,31.45,21.10,56.93
58:8E:81:72:F6:11,1637426381,0,401,0,184.76,33.48,18.60,55.50
58:8E:81:72:F6:52,1637426356,1,407,0,44.63,32.23,20.00,55.18
00:0B:57:64:8F:DD,1637426328,40,624,0,176.25,36.07,16.04,53.99
14:B4:57:6D:A5:6D,1637426299,0,405,0,509.07,32.49,19.98,53.69
58:8E:81:72:F6:11,1637426573,7,427,0,184.61,33.82,18.76,63.03
58:8E:81:72:F6:52,1637426549,0,400,0,44.45,32.84,19.46,65.57
00:0B:57:64:8F:DD,1637426521,62,1140,0,165.46,33.77,16.27,86.34
14:B4:57:6D:A5:6D,1637426494,1,409,0,511.17,32.90,19.55,64.70
58:8E:81:72:F6:11,1637426720,0,405,0,184.35,34.15,17.98,63.34
58:8E:81:72:F6:52,1637426696,0,400,0,44.21,33.15,19.10,63.34
14:B4:57:6D:A5:6D,1637426663,0,406,0,514.08,33.25,19.27,64.25
58:8E:81:72:F6:52,1637426824,0,405,0,44.29,33.33,18.90,55.66
08:6B:D7:FE:13:F7,1637427027,0,400,0,361.73,32.16,20.45,55.64
58:8E:81:72:F6:11,1637426998,1,409,0,184.11,34.31,17.82,52.09
58:8E:81:72:F6:52,1637426974,1,408,0,44.85,33.56,18.77,54.41
00:0B:57:64:8F:DD,1637426946,0,400,0,168.95,41.47,12.47,53.46
14:B4:57:6D:A5:6D,1637426919,1,408,1,515.88,33.35,19.23,53.70
08:6B:D7:FE:13:F7,1637427200,1,409,0,363.72,32.05,20.44,55.89
58:8E:81:72:F6:11,1637427171,1,406,0,183.72,34.33,17.78,55.85
58:8E:81:72:F6:52,1637427147,0,405,0,44.45,33.63,18.65,57.22
00:0B:57:64:8F:DD,1637427120,0,400,0,101.31,38.58,13.21,51.75
08:6B:D7:FE:13:F7,1637427392,5,400,0,365.43,31.65,20.96,64.84
58:8E:81:72:F6:11,1637427363,0,408,0,184.17,34.31,17.87,56.93
58:8E:81:72:F6:52,1637427339,0,400,0,44.47,33.09,19.19,65.55
00:0B:57:64:8F:DD,1637427311,0,400,0,104.21,37.53,14.83,54.79
14:B4:57:6D:A5:6D,1637427284,0,403,0,518.52,33.03,19.60,55.08
58:8E:81:72:F6:11,1637427555,0,400,0,184.14,34.24,17.97,54.41
58:8E:81:72:F6:52,1637427531,2,405,0,44.44,33.18,19.13,54.25
00:0B:57:64:8F:DD,1637427503,0,405,0,106.09,37.44,14.55,53.13
14:B4:57:6D:A5:6D,1637427476,0,403,0,519.71,33.22,19.39,69.03
08:6B:D7:FE:13:F7,1637427754,0,400,0,367.37,31.71,21.24,68.34
58:8E:81:72:F6:11,1637427725,0,403,0,183.98,34.12,18.33,67.54
58:8E:81:72:F6:52,1637427701,1,400,0,44.51,33.23,19.25,64.39
00:0B:57:64:8F:DD,1637427673,15,1001,0,87.99,36.92,17.03,75.78
14:B4:57:6D:A5:6D,1637427646,1,408,0,521.06,33.27,19.39,64.90
08:6B:D7:FE:13:F7,1637427928,0,400,0,367.87,31.88,20.96,56.75
58:8E:81:72:F6:11,1637427899,0,401,0,183.39,34.22,18.12,54.45
58:8E:81:72:F6:52,1637427875,0,405,0,44.08,33.28,19.13,54.56
00:0B:57:64:8F:DD,1637427847,0,400,0,166.46,40.39,13.47,54.60
08:6B:D7:FE:13:F7,1637428120,0,400,0,369.96,31.85,21.45,56.15
58:8E:81:72:F6:11,1637428091,8,403,0,182.17,34.42,18.07,55.28
58:8E:81:72:F6:52,1637428067,0,405,0,44.24,33.47,19.13,56.26
00:0B:57:64:8F:DD,1637428039,0,400,0,103.62,38.88,13.60,52.90
14:B4:57:6D:A5:6D,1637428012,0,403,0,522.87,33.64,19.26,55.41
58:8E:81:72:F6:11,1637428265,0,422,0,183.36,34.28,18.16,54.57
58:8E:81:72:F6:52,1637428241,0,400,0,44.54,33.39,19.10,54.78
00:0B:57:64:8F:DD,1637428213,0,400,0,109.69,37.87,14.91,53.80
08:6B:D7:FE:13:F7,1637428404,0,403,0,371.58,31.84,21.22,55.78
00:0B:57:64:8F:DD,1637428363,0,400,0,102.92,37.52,16.58,53.27
58:8E:81:72:F6:11,1637428567,0,400,0,183.15,34.32,18.22,54.31
58:8E:81:72:F6:52,1637428543,0,405,0,44.21,33.42,19.17,56.75
00:0B:57:64:8F:DD,1637428515,0,400,0,102.96,37.74,14.66,54.87
14:B4:57:6D:A5:6D,1637428488,4,432,0,526.43,33.64,19.41,56.70
08:6B:D7:FE:13:F7,1637428724,1,406,0,372.41,31.92,21.16,55.70
00:0B:57:64:8F:DD,1637428684,0,402,0,109.44,37.74,15.07,54.95
14:B4:57:6D:A5:6D,1637428657,0,400,0,526.56,33.65,19.29,53.79
08:6B:D7:FE:13:F7,1637428895,0,403,0,372.60,32.16,21.19,55.46
58:8E:81:72:F6:11,1637428866,2,403,0,183.39,34.45,18.20,55.26
58:8E:81:72:F6:52,1637428842,0,409,0,44.11,33.43,19.23,54.61
14:B4:57:6D:A5:6D,1637428808,1,407,0,527.02,33.65,19.38,55.32
08:6B:D7:FE:13:F7,1637429087,0,402,0,373.02,32.23,20.81,53.51
58:8E:81:72:F6:11,1637429058,0,402,0,183.15,34.65,17.88,54.84
58:8E:81:72:F6:52,1637429034,0,403,0,43.89,33.66,19.03,55.38
00:0B:57:64:8F:DD,1637429007,7,540,0,108.00,37.94,14.72,53.33
14:B4:57:6D:A5:6D,1637428980,1,407,0,527.59,33.89,19.03,54.81
08:6B:D7:FE:13:F7,1637429261,0,400,0,375.42,32.20,20.99,55.49
58:8E:81:72:F6:52,1637429226,11,466,0,43.61,33.71,18.99,60.58
00:0B:57:64:8F:DD,1637429198,0,400,0,106.81,37.71,15.42,53.10
14:B4:57:6D:A5:6D,1637429171,0,405,0,528.97,33.81,19.25,55.51
08:6B:D7:FE:13:F7,1637429453,0,403,0,376.93,32.06,21.19,55.65
58:8E:81:72:F6:11,1637429424,1,410,0,183.42,34.67,18.02,55.32
58:8E:81:72:F6:52,1637429400,0,402,0,43.77,33.80,18.98,55.84
00:0B:57:64:8F:DD,1637429372,1,403,0,108.87,37.77,14.69,53.83
14:B4:57:6D:A5:6D,1637429345,0,400,0,530.88,33.96,19.17,56.45
08:6B:D7:FE:13:F7,1637429646,1,403,0,376.75,32.06,21.22,55.54
58:8E:81:72:F6:11,1637429617,0,400,0,183.33,34.60,18.11,54.93
58:8E:81:72:F6:52,1637429592,0,405,0,44.14,33.80,18.95,55.77
00:0B:57:64:8F:DD,1637429564,23,497,0,106.15,37.73,14.72,53.72
14:B4:57:6D:A5:6D,1637429537,0,400,0,531.86,33.96,19.15,56.00
58:8E:81:72:F6:11,1637429810,0,400,0,183.27,34.67,18.05,56.33
58:8E:81:72:F6:52,1637429786,0,400,0,43.46,33.75,19.02,60.22
00:0B:57:64:8F:DD,1637429758,6,438,0,104.98,37.76,14.77,53.92
14:B4:57:6D:A5:6D,1637429731,0,402,0,531.26,33.87,19.20,53.09
08:6B:D7:FE:13:F7,1637429989,0,400,0,379.71,32.07,21.19,55.36
58:8E:81:72:F6:11,1637429960,0,403,0,183.46,34.59,18.06,53.85
58:8E:81:72:F6:52,1637429936,0,403,0,43.83,33.80,18.96,56.50
00:0B:57:64:8F:DD,1637429908,2,400,0,107.09,37.82,14.67,53.13
08:6B:D7:FE:13:F7,1637430182,0,402,0,382.11,32.27,21.04,55.16
58:8E:81:72:F6:11,1637430153,0,403,0,183.24,34.60,18.08,54.44
58:8E:81:72:F6:52,1637430129,0,400,0,43.61,33.74,18.98,54.02
00:0B:57:64:8F:DD,1637430101,1,408,0,98.82,37.56,15.60,52.24
14:B4:57:6D:A5:6D,1637430074,1,406,0,535.83,34.10,19.24,55.52
08:6B:D7:FE:13:F7,1637430375,1,408,0,382.56,32.26,21.08,62.02
58:8E:81:72:F6:11,1637430346,0,403,0,183.39,34.80,18.01,61.81
58:8E:81:72:F6:52,1637430321,1,410,0,43.71,33.81,19.03,55.53
00:0B:57:64:8F:DD,1637430293,1,400,0,104.27,37.54,14.96,52.27
14:B4:57:6D:A5:6D,1637430266,1,405,0,536.33,33.96,19.21,52.29
08:6B:D7:FE:13:F7,1637430568,0,400,0,381.83,32.37,20.94,55.17
58:8E:81:72:F6:11,1637430539,2,414,0,183.39,35.02,17.75,61.80
58:8E:81:72:F6:52,1637430514,0,402,0,43.52,33.78,19.01,63.89
00:0B:57:64:8F:DD,1637430486,1,408,0,101.00,37.96,14.53,59.74
14:B4:57:6D:A5:6D,1637430459,1,408,0,535.62,34.03,19.08,58.98
08:6B:D7:FE:13:F7,1637430761,0,405,0,383.54,32.37,20.94,53.82
58:8E:81:72:F6:11,1637430732,0,401,0,183.29,35.12,17.69,57.63
58:8E:81:72:F6:52,1637430708,1,420,0,43.59,34.03,19.07,55.36
00:0B:57:64:8F:DD,1637430680,1,400,0,101.39,37.84,14.67,54.44
14:B4:57:6D:A5:6D,1637430653,1,408,0,536.33,33.92,19.11,56.20
08:6B:D7:FE:13:F7,1637430953,0,400,0,383.14,32.63,21.08,55.67
58:8E:81:72:F6:11,1637430924,4,418,0,182.10,34.80,18.04,54.25
58:8E:81:72:F6:52,1637430900,0,406,0,44.21,34.30,18.91,56.48
00:0B:57:64:8F:DD,1637430872,1,405,0,104.70,38.10,14.59,54.11
14:B4:57:6D:A5:6D,1637430845,0,400,0,536.25,34.15,19.16,55.24
08:6B:D7:FE:13:F7,1637431146,1,407,0,386.68,32.77,20.84,56.53
58:8E:81:72:F6:11,1637431117,0,400,0,183.49,34.85,18.25,54.72
58:8E:81:72:F6:52,1637431093,1,405,0,41.67,34.51,18.81,56.25
00:0B:57:64:8F:DD,1637431064,0,402,0,104.33,37.58,15.53,53.06
14:B4:57:6D:A5:6D,1637431037,0,400,0,537.09,34.49,19.05,56.51
08:6B:D7:FE:13:F7,1637431339,1,406,0,387.22,32.61,20.85,55.64
58:8E:81:72:F6:11,1637431310,0,400,0,183.36,34.92,18.04,52.90
58:8E:81:72:F6:52,1637431286,0,400,0,44.11,34.04,18.89,57.10
00:0B:57:64:8F:DD,1637431258,0,400,0,106.84,37.81,15.04,53.86
14:B4:57:6D:A5:6D,1637431231,0,407,0,537.59,34.70,18.76,55.68
08:6B:D7:FE:13:F7,1637431513,0,400,0,386.62,32.66,20.79,53.45
58:8E:81:72:F6:52,1637431478,0,406,0,44.02,34.00,18.97,58.76
00:0B:57:64:8F:DD,1637431451,1,400,0,106.12,37.89,14.76,53.24
14:B4:57:6D:A5:6D,1637431424,1,407,0,537.40,34.29,19.14,60.15
08:6B:D7:FE:13:F7,1637431705,2,408,0,387.56,32.56,21.02,63.43
58:8E:81:72:F6:11,1637431676,0,403,0,183.05,35.26,17.78,55.05
58:8E:81:72:F6:52,1637431652,0,400,0,44.14,34.23,18.84,56.39
00:0B:57:64:8F:DD,1637431624,0,405,0,103.08,37.82,15.17,62.68
14:B4:57:6D:A5:6D,1637431597,0,400,0,537.82,34.26,19.13,57.39
08:6B:D7:FE:13:F7,1637431897,0,402,0,387.78,32.80,20.61,55.93
58:8E:81:72:F6:11,1637431868,1,402,0,183.52,35.55,17.55,54.38
58:8E:81:72:F6:52,1637431844,0,400,0,44.02,34.04,18.87,64.19
00:0B:57:64:8F:DD,1637431816,1,406,0,107.06,38.13,14.63,62.85
14:B4:57:6D:A5:6D,1637431789,0,403,0,538.19,34.60,18.85,61.78
08:6B:D7:FE:13:F7,1637432070,1,400,0,387.84,32.73,20.95,56.73
58:8E:81:72:F6:11,1637432041,2,415,0,183.62,35.39,17.62,55.59
58:8E:81:72:F6:52,1637432017,0,403,0,43.68,33.47,19.67,55.68
00:0B:57:64:8F:DD,1637431989,0,400,0,105.14,38.07,14.99,53.64
08:6B:D7:FE:13:F7,1637432263,1,407,0,387.81,32.84,20.69,53.77
58:8E:81:72:F6:11,1637432234,0,400,0,183.55,35.69,17.34,52.83
58:8E:81:72:F6:52,1637432210,0,402,0,43.93,34.13,18.98,62.12
00:0B:57:64:8F:DD,1637432181,1,409,0,105.34,38.16,14.66,52.74
14:B4:57:6D:A5:6D,1637432154,0,400,0,538.71,34.17,19.24,55.76
08:6B:D7:FE:13:F7,1637432456,1,400,0,388.59,32.95,20.52,64.96
58:8E:81:72:F6:11,1637432427,0,400,0,183.33,35.69,17.34,57.40
58:8E:81:72:F6:52,1637432402,0,402,0,44.02,34.40,18.68,60.43
00:0B:57:64:8F:DD,1637432374,1,408,0,101.39,38.26,14.79,52.85
14:B4:57:6D:A5:6D,1637432347,0,403,0,538.87,34.39,19.02,62.64
08:6B:D7:FE:13:F7,1637432627,1,402,0,389.79,32.84,20.67,61.08
58:8E:81:72:F6:11,1637432598,1,410,0,183.49,35.77,17.30,64.91
58:8E:81:72:F6:52,1637432574,0,400,0,43.73,34.53,18.58,57.15
14:B4:57:6D:A5:6D,1637432541,1,403,0,539.44,34.22,19.10,56.04
08:6B:D7:FE:13:F7,1637432801,1,407,0,390.01,32.93,20.61,57.89
58:8E:81:72:F6:52,1637432766,5,400,0,44.08,34.69,18.39,61.79
00:0B:57:64:8F:DD,1637432738,0,400,0,101.35,38.24,14.62,64.13
14:B4:57:6D:A5:6D,1637432711,0,406,0,539.57,34.37,19.10,63.38
08:6B:D7:FE:13:F7,1637432993,1,405,0,388.36,32.86,20.61,59.23
58:8E:81:72:F6:11,1637432964,0,400,0,183.42,35.84,17.19,64.29
58:8E:81:72:F6:52,1637432940,3,403,0,44.14,34.68,18.36,64.67
00:0B:57:64:8F:DD,1637432912,0,400,0,104.72,38.28,14.95,59.50
14:B4:57:6D:A5:6D,1637432885,0,403,0,539.82,34.28,19.10,57.18
08:6B:D7:FE:13:F7,1637433185,0,402,0,390.27,32.81,20.64,54.83
58:8E:81:72:F6:11,1637433156,0,403,0,183.27,35.77,17.22,55.20
58:8E:81:72:F6:52,1637433132,0,400,0,43.86,34.59,18.45,56.91
00:0B:57:64:8F:DD,1637433105,6,405,0,101.25,37.99,14.88,54.55
14:B4:57:6D:A5:6D,1637433078,0,405,0,541.30,34.37,19.05,55.93
08:6B:D7:FE:13:F7,1637433377,0,403,0,392.52,32.83,20.64,56.20
58:8E:81:72:F6:11,1637433348,1,405,0,183.15,35.90,17.13,58.19
58:8E:81:72:F6:52,1637433324,1,410,0,44.14,34.48,18.56,55.76
00:0B:57:64:8F:DD,1637433296,0,400,0,99.38,38.08,14.89,53.97
14:B4:57:6D:A5:6D,1637433269,1,409,0,541.09,34.27,19.14,55.36
08:6B:D7:FE:13:F7,1637433569,1,400,0,392.15,33.03,20.67,55.99
58:8E:81:72:F6:11,1637433540,1,408,0,183.65,35.90,17.21,55.78
58:8E:81:72:F6:52,1637433516,2,403,0,42.84,34.48,18.67,56.22
00:0B:57:64:8F:DD,1637433488,5,463,0,100.13,37.83,14.99,53.37
14:B4:57:6D:A5:6D,1637433461,0,402,0,541.96,34.26,19.13,55.60
08:6B:D7:FE:13:F7,1637433739,0,403,0,395.38,32.73,20.75,55.24
58:8E:81:72:F6:11,1637433710,2,410,0,182.94,35.60,17.30,58.69
00:0B:57:64:8F:DD,1637433681,3,415,0,101.14,38.44,14.62,52.60
14:B4:57:6D:A5:6D,1637433654,2,414,0,543.62,34.44,19.03,53.13
08:6B:D7:FE:13:F7,1637433913,1,407,0,393.97,32.84,21.00,56.50
58:8E:81:72:F6:52,1637433878,0,400,0,44.21,35.03,18.42,60.07
00:0B:57:64:8F:DD,1637433850,0,405,0,101.42,38.46,14.72,53.54
14:B4:57:6D:A5:6D,1637433823,0,400,0,549.35,34.56,19.10,53.06
08:6B:D7:FE:13:F7,1637434106,1,402,0,397.45,32.70,21.03,66.63
58:8E:81:72:F6:11,1637434077,0,400,0,182.80,35.23,18.06,68.67
58:8E:81:72:F6:52,1637434053,0,418,0,42.77,34.77,18.69,75.60
00:0B:57:64:8F:DD,1637434025,4,435,0,97.94,38.09,14.89,53.52
14:B4:57:6D:A5:6D,1637433997,1,400,0,550.04,34.36,19.19,59.11
08:6B:D7:FE:13:F7,1637434298,6,459,0,399.31,32.54,21.30,68.68
58:8E:81:72:F6:11,1637434269,21,584,0,183.24,35.21,18.04,61.84
58:8E:81:72:F6:52,1637434245,15,423,0,43.58,34.46,18.77,56.31
00:0B:57:64:8F:DD,1637434217,8,463,0,104.45,38.03,15.38,53.85
14:B4:57:6D:A5:6D,1637434190,0,400,0,552.09,34.26,19.42,68.47
08:6B:D7:FE:13:F7,1637434491,0,402,0,399.24,32.65,21.23,67.77
58:8E:81:72:F6:11,1637434462,3,406,0,182.99,35.30,18.06,67.36
58:8E:81:72:F6:52,1637434437,17,514,0,43.34,34.40,18.90,63.57
00:0B:57:64:8F:DD,1637434409,6,448,0,97.65,37.74,15.98,68.97
14:B4:57:6D:A5:6D,1637434382,0,400,0,552.61,34.53,19.33,69.29
08:6B:D7:FE:13:F7,1637434665,1,405,0,400.18,32.55,21.32,67.24
58:8E:81:72:F6:52,1637434630,0,400,0,43.59,34.31,19.01,70.42
00:0B:57:64:8F:DD,1637434602,0,400,0,98.32,38.11,15.18,70.23
14:B4:57:6D:A5:6D,1637434575,1,409,0,552.58,34.27,19.45,69.77
08:6B:D7:FE:13:F7,1637434839,1,416,0,399.03,32.61,21.35,55.69
58:8E:81:72:F6:11,1637434810,0,410,0,183.30,35.28,18.00,64.25
58:8E:81:72:F6:52,1637434786,0,400,0,43.52,34.37,19.04,65.66
00:0B:57:64:8F:DD,1637434758,3,491,0,101.08,38.14,15.12,65.76
08:6B:D7:FE:13:F7,1637435031,2,415,0,397.92,32.92,20.94,58.37
58:8E:81:72:F6:11,1637435002,1,402,0,183.33,35.54,17.98,56.51
58:8E:81:72:F6:52,1637434978,8,454,0,43.64,34.49,18.88,61.59
00:0B:57:64:8F:DD,1637434950,27,459,0,96.21,38.29,14.65,53.29
14:B4:57:6D:A5:6D,1637434923,0,405,0,553.52,34.59,19.16,54.02
08:6B:D7:FE:13:F7,1637435223,1,402,0,399.13,32.80,21.03,58.06
58:8E:81:72:F6:11,1637435194,2,406,0,183.08,35.59,17.69,53.56
58:8E:81:72:F6:52,1637435170,1,409,0,43.52,34.49,18.78,57.57
00:0B:57:64:8F:DD,1637435142,0,400,0,106.22,38.63,14.69,54.58
14:B4:57:6D:A5:6D,1637435115,1,408,0,553.18,34.56,19.25,55.74
08:6B:D7:FE:13:F7,1637435415,0,400,0,402.47,32.68,21.41,83.05
58:8E:81:72:F6:11,1637435386,2,417,0,184.17,35.37,18.00,65.36
58:8E:81:72:F6:52,1637435362,0,414,0,44.82,34.76,18.67,87.40
00:0B:57:64:8F:DD,1637435334,1,407,0,106.47,38.82,14.38,82.93
14:B4:57:6D:A5:6D,1637435307,2,413,0,554.63,34.85,19.04,88.01
08:6B:D7:FE:13:F7,1637435608,0,414,0,402.27,32.89,21.45,53.87
58:8E:81:72:F6:11,1637435579,0,400,0,182.10,35.25,18.62,58.76
58:8E:81:72:F6:52,1637435555,1,400,0,43.83,34.89,18.90,59.66
00:0B:57:64:8F:DD,1637435527,1,407,0,105.87,38.89,14.56,67.73
14:B4:57:6D:A5:6D,1637435500,1,407,0,553.77,34.90,19.14,67.02
08:6B:D7:FE:13:F7,1637435800,2,413,0,400.33,32.70,21.41,59.47
58:8E:81:72:F6:11,1637435771,0,414,0,182.64,34.97,18.71,55.11
58:8E:81:72:F6:52,1637435747,5,417,0,43.83,34.81,19.12,56.32
00:0B:57:64:8F:DD,1637435719,0,405,0,103.96,38.53,15.53,54.98
14:B4:57:6D:A5:6D,1637435692,0,400,0,557.51,34.81,19.27,57.25
08:6B:D7:FE:13:F7,1637435993,2,411,0,402.93,32.70,22.06,65.06
58:8E:81:72:F6:11,1637435964,0,405,0,183.02,34.74,19.27,59.57
58:8E:81:72:F6:52,1637435939,2,410,0,43.64,34.54,19.71,62.63
00:0B:57:64:8F:DD,1637435911,0,400,0,103.80,38.04,15.86,62.45
14:B4:57:6D:A5:6D,1637435884,1,408,0,562.62,34.84,19.68,59.87
08:6B:D7:FE:13:F7,1637436186,1,413,0,133.60,32.93,22.09,53.96
58:8E:81:72:F6:11,1637436157,0,400,0,151.24,34.60,19.68,51.90
58:8E:81:72:F6:52,1637436133,1,403,0,37.05,34.76,20.31,58.04
00:0B:57:64:8F:DD,1637436105,9,520,0,103.30,38.37,15.75,49.59
14:B4:57:6D:A5:6D,1637436078,0,400,0,564.09,34.74,19.58,52.46
08:6B:D7:FE:13:F7,1637436379,1,422,0,145.16,34.09,20.84,54.41
58:8E:81:72:F6:11,1637436350,1,407,0,149.94,34.32,20.04,50.73
58:8E:81:72:F6:52,1637436325,0,407,0,37.45,35.46,19.32,53.86
00:0B:57:64:8F:DD,1637436297,0,400,0,33.90,33.11,20.52,45.46
14:B4:57:6D:A5:6D,1637436270,2,410,0,149.33,36.04,19.03,57.01
08:6B:D7:FE:13:F7,1637436574,1,405,0,148.03,34.07,20.87,53.72
58:8E:81:72:F6:11,1637436545,0,403,0,149.08,34.28,20.22,54.79
58:8E:81:72:F6:52,1637436520,0,407,0,37.36,35.34,19.20,53.83
00:0B:57:64:8F:DD,1637436491,0,403,0,34.62,35.12,19.16,47.39
14:B4:57:6D:A5:6D,1637436464,0,400,0,149.78,36.63,18.19,50.69
08:6B:D7:FE:13:F7,1637436744,0,403,0,149.44,33.92,21.00,53.99
58:8E:81:72:F6:11,1637436715,0,400,0,148.84,34.31,20.26,51.84
58:8E:81:72:F6:52,1637436691,0,400,0,37.42,35.29,19.37,54.34
14:B4:57:6D:A5:6D,1637436658,0,400,0,149.75,36.80,18.16,52.28
08:6B:D7:FE:13:F7,1637436937,0,402,0,149.84,34.07,21.08,53.55
58:8E:81:72:F6:11,1637436908,0,405,0,149.00,34.42,20.25,51.16
58:8E:81:72:F6:52,1637436884,0,403,0,37.45,35.48,19.28,55.00
00:0B:57:64:8F:DD,1637436856,0,400,0,37.36,35.80,18.41,46.66
14:B4:57:6D:A5:6D,1637436829,0,403,0,149.53,36.85,18.18,52.12
58:8E:81:72:F6:11,1637437100,0,400,0,148.87,34.44,20.21,51.18
58:8E:81:72:F6:52,1637437076,1,406,0,37.73,35.35,19.35,54.13
00:0B:57:64:8F:DD,1637437048,0,400,0,35.20,35.86,18.41,47.90
14:B4:57:6D:A5:6D,1637437021,0,400,0,149.53,36.98,18.14,52.80
08:6B:D7:FE:13:F7,1637437298,1,407,0,152.97,34.75,20.43,54.55
58:8E:81:72:F6:11,1637437269,0,403,0,147.98,34.29,20.39,58.76
58:8E:81:72:F6:52,1637437245,0,400,0,37.08,35.16,19.68,53.76
00:0B:57:64:8F:DD,1637437217,0,402,0,34.84,35.93,18.35,49.37
14:B4:57:6D:A5:6D,1637437190,0,405,0,149.88,37.05,18.05,51.50
08:6B:D7:FE:13:F7,1637437490,1,407,0,156.36,34.78,20.48,76.15
58:8E:81:72:F6:11,1637437461,0,400,0,147.10,33.88,20.83,69.78
58:8E:81:72:F6:52,1637437437,0,405,0,36.74,34.96,19.84,69.53
00:0B:57:64:8F:DD,1637437409,0,400,0,32.45,35.67,18.61,77.86
14:B4:57:6D:A5:6D,1637437382,0,400,0,151.33,37.41,17.84,56.49
08:6B:D7:FE:13:F7,1637437662,0,403,0,158.86,34.71,20.67,53.88
58:8E:81:72:F6:11,1637437633,1,403,0,147.57,33.97,20.93,52.27
58:8E:81:72:F6:52,1637437609,0,409,0,36.77,34.77,19.84,57.37
14:B4:57:6D:A5:6D,1637437575,0,400,0,151.70,37.39,17.87,51.96
08:6B:D7:FE:13:F7,1637437854,0,411,0,157.81,34.71,20.37,57.87
58:8E:81:72:F6:11,1637437825,0,400,0,147.20,34.07,20.82,51.52
58:8E:81:72:F6:52,1637437801,1,410,0,36.61,34.56,20.31,54.48
00:0B:57:64:8F:DD,1637437773,0,400,0,63.97,35.57,18.90,61.46
14:B4:57:6D:A5:6D,1637437746,0,405,0,151.76,37.43,17.86,61.27
08:6B:D7:FE:13:F7,1637438046,4,416,0,159.40,34.86,20.35,54.99
58:8E:81:72:F6:11,1637438017,1,407,0,147.54,34.17,20.68,54.19
58:8E:81:72:F6:52,1637437993,1,403,0,36.50,35.05,19.78,54.93
00:0B:57:64:8F:DD,1637437965,14,417,0,64.06,35.66,18.62,48.51
14:B4:57:6D:A5:6D,1637437938,0,405,0,151.94,37.47,17.78,51.61
08:6B:D7:FE:13:F7,1637438195,0,415,0,158.61,34.49,20.55,57.09
58:8E:81:72:F6:11,1637438166,3,420,0,147.35,34.11,20.68,53.90
14:B4:57:6D:A5:6D,1637438131,2,409,0,152.08,37.45,17.80,51.00
58:8E:81:72:F6:52,1637438334,2,408,0,36.99,35.28,19.77,56.36
00:0B:57:64:8F:DD,1637438306,0,405,0,64.28,35.25,19.36,49.79
14:B4:57:6D:A5:6D,1637438279,0,405,0,151.98,37.06,18.16,51.81
08:6B:D7:FE:13:F7,1637438514,0,403,0,40.17,32.59,22.96,52.53
58:8E:81:72:F6:11,1637438485,4,413,0,157.10,33.55,22.50,53.21
58:8E:81:72:F6:52,1637438461,12,438,0,27.69,34.87,20.22,53.80
14:B4:57:6D:A5:6D,1637438425,0,0,0,0.00,0.00,18.79,53.46
08:6B:D7:FE:13:F7,1637438685,0,400,0,357.69,32.65,22.96,51.91
58:8E:81:72:F6:11,1637438656,5,427,0,161.79,33.05,22.01,50.58
58:8E:81:72:F6:52,1637438632,0,405,0,34.59,32.10,22.96,55.49
14:B4:57:6D:A5:6D,1637438598,0,403,0,332.46,34.37,20.51,53.58
08:6B:D7:FE:13:F7,1637438877,0,400,0,344.44,32.76,22.64,52.05
58:8E:81:72:F6:11,1637438848,5,438,0,160.73,32.89,22.22,53.27
58:8E:81:72:F6:52,1637438824,0,405,0,37.72,33.23,22.06,55.71
00:0B:57:64:8F:DD,1637438796,0,400,0,63.78,35.81,18.57,48.97
14:B4:57:6D:A5:6D,1637438769,0,400,0,359.56,35.47,19.82,54.52
08:6B:D7:FE:13:F7,1637439069,3,439,0,340.01,31.34,20.93,54.56
58:8E:81:72:F6:11,1637439040,9,439,0,160.23,31.52,20.09,55.06
58:8E:81:72:F6:52,1637439016,2,401,0,37.94,33.11,19.73,55.66
00:0B:57:64:8F:DD,1637438988,0,400,0,63.68,34.58,19.39,50.80
14:B4:57:6D:A5:6D,1637438961,0,400,0,365.54,35.67,19.51,55.07
08:6B:D7:FE:13:F7,1637439261,7,482,0,337.89,30.14,22.21,55.22
58:8E:81:72:F6:11,1637439232,25,581,0,158.69,29.98,21.62,53.11
58:8E:81:72:F6:52,1637439208,19,526,0,34.57,31.33,20.45,57.03
00:0B:57:64:8F:DD,1637439180,0,400,0,64.37,32.60,19.08,48.37
14:B4:57:6D:A5:6D,1637439153,0,400,0,368.33,33.44,18.49,54.38
08:6B:D7:FE:13:F7,1637439453,6,447,0,336.89,30.09,21.97,56.43
58:8E:81:72:F6:11,1637439424,3,435,0,160.37,29.71,22.05,52.84
58:8E:81:72:F6:52,1637439400,0,408,0,38.37,30.01,21.98,55.03
00:0B:57:64:8F:DD,1637439372,0,408,0,63.93,31.41,19.91,50.46
14:B4:57:6D:A5:6D,1637439345,7,456,1,371.38,33.21,18.84,57.77
08:6B:D7:FE:13:F7,1637439623,0,400,0,336.79,29.69,21.96,54.65
58:8E:81:72:F6:11,1637439594,1,413,0,160.72,29.41,21.82,51.87
58:8E:81:72:F6:52,1637439570,0,400,0,38.43,29.66,21.84,55.14
14:B4:57:6D:A5:6D,1637439537,2,414,0,372.73,32.85,18.49,54.52
08:6B:D7:FE:13:F7,1637439816,1,405,0,336.21,28.74,23.06,53.41
58:8E:81:72:F6:11,1637439787,1,418,0,160.31,28.77,22.69,53.45
58:8E:81:72:F6:52,1637439763,0,405,0,38.43,28.97,22.12,53.61
00:0B:57:64:8F:DD,1637439735,0,402,0,65.34,30.77,19.80,48.70
14:B4:57:6D:A5:6D,1637439708,1,413,0,373.77,31.95,19.23,53.95
08:6B:D7:FE:13:F7,1637440008,0,403,0,335.81,28.37,23.44,52.57
58:8E:81:72:F6:11,1637439979,1,414,0,161.04,28.42,23.03,54.94
58:8E:81:72:F6:52,1637439955,0,408,0,38.43,29.16,22.48,53.78
00:0B:57:64:8F:DD,1637439927,0,400,0,64.27,30.72,19.87,50.05
14:B4:57:6D:A5:6D,1637439900,3,413,0,375.01,31.23,19.98,53.80
08:6B:D7:FE:13:F7,1637440201,4,433,0,335.40,28.17,24.01,52.60
58:8E:81:72:F6:11,1637440172,5,426,0,161.07,28.35,23.31,52.91
58:8E:81:72:F6:52,1637440148,0,409,0,38.37,28.77,22.60,53.17
00:0B:57:64:8F:DD,1637440119,1,409,0,65.09,30.56,20.00,49.37
14:B4:57:6D:A5:6D,1637440092,0,400,0,375.85,30.90,20.48,54.09
08:6B:D7:FE:13:F7,1637440353,19,534,0,337.41,28.41,23.62,52.79
58:8E:81:72:F6:11,1637440324,39,690,0,161.70,28.35,22.99,52.59
58:8E:81:72:F6:52,1637440300,40,710,0,38.39,28.72,22.72,54.14
08:6B:D7:FE:13:F7,1637440547,24,564,0,334.31,28.17,23.95,52.45
58:8E:81:72:F6:11,1637440518,32,586,0,163.59,31.35,19.98,51.49
58:8E:81:72:F6:52,1637440494,10,464,0,42.03,31.45,19.99,55.47
00:0B:57:64:8F:DD,1637440466,0,405,0,65.23,30.67,19.83,52.59
14:B4:57:6D:A5:6D,1637440438,8,454,0,383.38,30.89,20.19,54.37
08:6B:D7:FE:13:F7,1637440739,12,485,0,333.52,28.44,23.35,52.91
58:8E:81:72:F6:11,1637440710,18,523,0,161.63,29.45,21.39,52.32
58:8E:81:72:F6:52,1637440686,0,407,0,38.53,28.66,22.32,53.74
00:0B:57:64:8F:DD,1637440658,0,405,0,65.40,30.53,19.74,53.55
14:B4:57:6D:A5:6D,1637440631,17,518,0,378.54,31.50,19.95,53.71
08:6B:D7:FE:13:F7,1637440932,18,523,0,333.36,27.89,23.80,53.32
58:8E:81:72:F6:11,1637440903,23,551,0,161.07,28.68,22.49,52.16
58:8E:81:72:F6:52,1637440879,2,411,0,38.39,28.18,23.12,53.03
00:0B:57:64:8F:DD,1637440851,0,400,0,65.23,30.73,19.43,52.28
14:B4:57:6D:A5:6D,1637440824,10,470,0,378.85,31.05,20.14,54.15
08:6B:D7:FE:13:F7,1637441124,16,502,0,332.63,27.82,24.00,61.63
58:8E:81:72:F6:11,1637441095,21,551,0,161.35,28.95,22.05,57.54
58:8E:81:72:F6:52,1637441071,3,422,0,38.43,28.07,22.98,56.62
00:0B:57:64:8F:DD,1637441043,0,400,0,71.15,30.60,19.66,50.72
14:B4:57:6D:A5:6D,1637441016,16,508,0,379.71,31.00,20.26,54.65
08:6B:D7:FE:13:F7,1637441317,14,508,0,332.86,27.78,24.22,53.36
58:8E:81:72:F6:11,1637441288,17,518,0,161.57,28.69,22.45,53.33
58:8E:81:72:F6:52,1637441264,0,400,0,38.56,28.00,23.28,54.67
00:0B:57:64:8F:DD,1637441236,0,400,0,65.05,30.44,19.65,50.13
14:B4:57:6D:A5:6D,1637441209,17,520,0,379.60,30.42,20.78,55.50
08:6B:D7:FE:13:F7,1637441511,8,460,0,332.45,27.91,24.05,53.37
58:8E:81:72:F6:11,1637441482,15,505,0,162.72,28.75,22.65,52.12
58:8E:81:72:F6:52,1637441457,1,413,0,38.99,27.63,23.93,53.90
00:0B:57:64:8F:DD,1637441429,1,408,0,66.57,29.72,20.15,48.95
14:B4:57:6D:A5:6D,1637441402,11,478,0,380.50,30.52,20.65,54.10
08:6B:D7:FE:13:F7,1637441685,6,443,0,332.06,27.66,24.21,52.25
58:8E:81:72:F6:11,1637441656,5,442,0,162.36,28.59,22.62,51.86
58:8E:81:72:F6:52,1637441632,1,400,0,38.89,27.53,23.93,54.61
00:0B:57:64:8F:DD,1637441604,0,400,0,65.40,30.31,20.03,49.69
08:6B:D7:FE:13:F7,1637491028,371,1734,0,400.49,32.31,18.36,58.20
58:8E:81:72:F6:11,1637491008,442,1815,0,473.60,32.78,17.44,51.78
58:8E:81:72:F6:52,1637490991,336,1705,0,136.58,34.32,16.52,53.80
14:B4:57:6D:A5:6D,1637490969,322,1683,0,372.59,36.00,14.92,53.79
08:6B:D7:FE:13:F7,1637491173,390,1749,0,459.17,34.81,16.60,53.27
58:8E:81:72:F6:11,1637491152,670,1997,0,542.31,35.57,15.53,53.32
58:8E:81:72:F6:52,1637491133,392,1752,0,164.16,37.27,14.33,51.40
14:B4:57:6D:A5:6D,1637491106,291,1651,0,248.32,38.26,13.72,58.60
08:6B:D7:FE:13:F7,1637491362,185,1520,0,485.83,35.42,15.32,54.59
58:8E:81:72:F6:11,1637491333,298,1594,0,626.00,35.86,14.34,54.88
58:8E:81:72:F6:52,1637491309,265,1615,0,184.68,36.85,14.04,55.23
00:0B:57:64:8F:DD,1637491281,0,403,0,28.81,33.93,14.69,54.10
14:B4:57:6D:A5:6D,1637491252,290,1663,0,254.18,39.17,12.76,59.85
08:6B:D7:FE:13:F7,1637491554,70,880,0,476.38,35.06,15.16,54.83
58:8E:81:72:F6:11,1637491525,114,1125,0,682.33,35.51,14.44,54.89
58:8E:81:72:F6:52,1637491501,113,1147,0,219.35,34.39,15.48,54.42
00:0B:57:64:8F:DD,1637491473,3,400,0,116.46,32.45,16.55,51.43
14:B4:57:6D:A5:6D,1637491446,117,1181,0,311.28,38.73,12.62,54.15
08:6B:D7:FE:13:F7,1637491747,56,749,0,435.73,37.23,13.53,56.60
58:8E:81:72:F6:11,1637491718,72,877,0,734.28,35.22,14.59,59.11
58:8E:81:72:F6:52,1637491694,76,870,0,238.11,34.16,15.46,61.53
00:0B:57:64:8F:DD,1637491666,0,400,0,35.38,28.87,20.33,58.81
14:B4:57:6D:A5:6D,1637491638,71,877,0,638.75,39.16,12.44,60.37
08:6B:D7:FE:13:F7,1637491938,21,529,0,385.40,37.25,13.24,79.38
58:8E:81:72:F6:11,1637491909,33,602,0,641.68,34.87,14.67,80.93
58:8E:81:72:F6:52,1637491885,33,650,0,221.47,33.67,15.91,82.02
00:0B:57:64:8F:DD,1637491858,0,405,0,46.60,30.45,18.13,78.74
14:B4:57:6D:A5:6D,1637491831,36,637,0,638.85,39.31,12.04,66.36
08:6B:D7:FE:13:F7,1637492131,74,891,0,385.35,34.37,15.72,54.56
58:8E:81:72:F6:11,1637492102,90,992,0,552.96,35.30,14.77,53.94
58:8E:81:72:F6:52,1637492078,88,1004,0,170.69,35.58,15.23,53.24
00:0B:57:64:8F:DD,1637492050,26,569,0,41.15,31.40,18.13,58.26
14:B4:57:6D:A5:6D,1637492023,37,640,0,498.70,38.80,12.27,57.63
08:6B:D7:FE:13:F7,1637492325,117,1168,0,434.91,37.40,13.96,57.05
58:8E:81:72:F6:11,1637492296,151,1360,0,590.30,35.99,14.47,50.83
58:8E:81:72:F6:52,1637492272,105,1095,0,181.63,36.96,14.01,52.17
00:0B:57:64:8F:DD,1637492244,39,668,0,43.04,33.25,16.21,47.87
14:B4:57:6D:A5:6D,1637492216,88,995,0,629.53,39.00,12.53,55.17
08:6B:D7:FE:13:F7,1637492612,265,1621,0,433.12,38.33,13.33,55.83
58:8E:81:72:F6:11,1637492582,382,1756,0,587.18,36.52,14.43,58.91
58:8E:81:72:F6:52,1637492558,285,1627,0,171.41,37.35,14.00,57.08
00:0B:57:64:8F:DD,1637492530,351,1695,0,622.60,39.79,12.31,68.98
14:B4:57:6D:A5:6D,1637492503,351,1695,0,622.60,39.79,12.31,68.98
08:6B:D7:FE:13:F7,1637492809,227,1578,0,437.22,38.60,13.29,80.25
58:8E:81:72:F6:11,1637492779,320,1681,0,687.46,36.59,14.46,60.77
58:8E:81:72:F6:52,1637492755,273,1623,0,192.56,37.79,13.81,51.37
00:0B:57:64:8F:DD,1637492725,2,415,0,41.22,34.36,15.15,51.24
14:B4:57:6D:A5:6D,1637492697,214,1559,0,614.98,39.69,12.48,55.36
08:6B:D7:FE:13:F7,1637493005,113,1266,0,452.80,38.66,12.80,61.56
58:8E:81:72:F6:11,1637492976,238,1601,0,769.12,36.22,14.46,60.46
58:8E:81:72:F6:52,1637492951,308,1729,0,238.98,37.80,13.44,55.03
00:0B:57:64:8F:DD,1637492921,12,470,0,64.12,34.46,15.62,60.36
14:B4:57:6D:A5:6D,1637492893,275,1628,0,622.49,39.92,12.44,57.96
08:6B:D7:FE:13:F7,1637493201,20,496,0,456.13,36.03,13.46,60.39
58:8E:81:72:F6:11,1637493170,49,708,0,814.57,34.82,14.81,60.59
58:8E:81:72:F6:52,1637493144,46,697,0,282.10,34.72,15.14,61.17
00:0B:57:64:8F:DD,1637493116,0,400,0,46.33,31.25,17.71,65.24
14:B4:57:6D:A5:6D,1637493089,44,694,0,639.07,39.48,11.88,80.30
08:6B:D7:FE:13:F7,1637493400,0,407,0,317.21,29.97,17.36,57.59
58:8E:81:72:F6:11,1637493370,1,427,0,726.64,32.73,16.15,52.75
58:8E:81:72:F6:52,1637493345,6,424,0,242.91,30.92,17.77,53.54
00:0B:57:64:8F:DD,1637493315,0,400,0,77.30,28.61,19.73,54.20
14:B4:57:6D:A5:6D,1637493287,13,463,0,500.24,37.35,13.08,57.34
08:6B:D7:FE:13:F7,1637493598,1,408,0,306.08,26.87,22.60,55.86
58:8E:81:72:F6:11,1637493568,3,420,0,597.62,26.58,22.28,53.42
58:8E:81:72:F6:52,1637493543,0,406,0,202.01,25.96,22.81,55.31
00:0B:57:64:8F:DD,1637493514,0,400,0,70.91,28.65,19.62,51.16
14:B4:57:6D:A5:6D,1637493485,4,436,0,462.88,30.99,17.85,55.22
08:6B:D7:FE:13:F7,1637493796,6,443,0,304.12,26.87,23.96,54.43
58:8E:81:72:F6:11,1637493766,6,435,0,526.27,25.68,24.92,51.77
58:8E:81:72:F6:52,1637493741,5,435,0,228.22,25.13,25.78,54.38
00:0B:57:64:8F:DD,1637493712,5,435,0,77.58,28.75,19.51,52.50
14:B4:57:6D:A5:6D,1637493683,3,421,0,466.80,28.30,20.83,54.40
08:6B:D7:FE:13:F7,1637493996,17,517,0,301.76,30.12,20.03,55.00
58:8E:81:72:F6:11,1637493965,19,529,0,561.15,28.44,21.53,51.81
58:8E:81:72:F6:52,1637493939,18,520,0,199.04,28.42,21.71,54.20
00:0B:57:64:8F:DD,1637493910,12,480,0,78.57,30.41,18.86,49.69
14:B4:57:6D:A5:6D,1637493882,11,476,0,458.52,31.13,18.74,53.00
08:6B:D7:FE:13:F7,1637494196,33,618,0,307.26,31.66,18.22,55.33
58:8E:81:72:F6:11,1637494165,33,643,0,534.74,29.90,19.70,51.82
58:8E:81:72:F6:52,1637494140,25,560,0,170.39,30.55,19.25,54.34
00:0B:57:64:8F:DD,1637494111,15,503,0,75.78,32.66,16.19,49.78
14:B4:57:6D:A5:6D,1637494082,26,572,0,458.37,33.00,16.78,52.66
08:6B:D7:FE:13:F7,1637494392,38,656,0,433.18,35.64,15.03,55.32
58:8E:81:72:F6:11,1637494363,43,688,0,563.35,34.00,16.07,52.28
58:8E:81:72:F6:52,1637494339,34,624,0,190.20,31.36,18.29,54.53
00:0B:57:64:8F:DD,1637494310,18,519,0,94.61,33.38,15.52,49.53
14:B4:57:6D:A5:6D,1637494282,33,645,0,603.44,33.87,16.07,52.72
08:6B:D7:FE:13:F7,1637494586,46,692,0,451.26,37.17,13.72,62.35
58:8E:81:72:F6:11,1637494557,48,737,0,643.94,35.25,14.85,63.33
58:8E:81:72:F6:52,1637494532,37,637,0,238.24,35.28,15.28,65.43
00:0B:57:64:8F:DD,1637494504,20,537,0,105.53,33.67,15.35,62.53
14:B4:57:6D:A5:6D,1637494476,45,708,0,623.13,37.35,13.67,62.88
08:6B:D7:FE:13:F7,1637494778,53,748,0,453.41,37.71,13.30,55.10
58:8E:81:72:F6:11,1637494749,61,804,0,690.94,35.70,14.49,53.13
58:8E:81:72:F6:52,1637494725,47,700,0,252.20,36.53,14.20,52.28
00:0B:57:64:8F:DD,1637494697,26,569,0,114.36,33.75,15.18,50.58
14:B4:57:6D:A5:6D,1637494670,54,759,0,632.95,38.42,12.82,52.88
08:6B:D7:FE:13:F7,1637494972,63,817,0,450.89,38.00,13.19,55.47
58:8E:81:72:F6:11,1637494943,73,865,0,648.48,35.95,14.37,52.99
58:8E:81:72:F6:52,1637494919,52,742,0,237.64,37.26,13.69,52.39
00:0B:57:64:8F:DD,1637494891,31,617,0,118.05,34.04,15.17,51.70
14:B4:57:6D:A5:6D,1637494863,65,808,0,635.35,38.84,12.60,53.14
08:6B:D7:FE:13:F7,1637495164,72,853,0,439.61,38.16,13.12,55.27
58:8E:81:72:F6:11,1637495135,86,949,0,589.04,36.06,14.34,52.95
58:8E:81:72:F6:52,1637495111,58,813,0,221.96,37.47,13.56,52.30
00:0B:57:64:8F:DD,1637495083,47,714,0,110.88,37.23,13.03,49.09
14:B4:57:6D:A5:6D,1637495056,75,897,0,627.02,39.05,12.49,52.76
08:6B:D7:FE:13:F7,1637495357,83,949,0,437.49,38.22,13.14,55.00
58:8E:81:72:F6:11,1637495328,98,1068,0,592.82,36.11,14.37,52.62
58:8E:81:72:F6:52,1637495304,69,857,0,220.89,37.53,13.53,52.11
00:0B:57:64:8F:DD,1637495276,62,810,0,106.43,37.94,12.31,52.16
14:B4:57:6D:A5:6D,1637495249,85,972,0,619.64,39.19,12.49,53.50
08:6B:D7:FE:13:F7,1637495549,86,951,0,442.06,38.27,13.09,54.55
58:8E:81:72:F6:11,1637495520,110,1128,0,568.13,35.95,14.56,51.89
58:8E:81:72:F6:52,1637495496,80,895,0,214.63,37.53,13.59,50.74
00:0B:57:64:8F:DD,1637495468,62,810,0,106.84,38.10,12.15,48.80
14:B4:57:6D:A5:6D,1637495441,99,1044,0,621.12,39.34,12.42,52.86
08:6B:D7:FE:13:F7,1637495743,96,1012,0,435.39,38.46,13.11,54.31
58:8E:81:72:F6:11,1637495713,109,1068,0,566.48,36.15,14.50,52.58
58:8E:81:72:F6:52,1637495688,73,920,0,228.11,37.43,13.63,51.15
00:0B:57:64:8F:DD,1637495660,72,863,0,105.84,38.39,12.22,50.78
14:B4:57:6D:A5:6D,1637495633,102,1090,0,622.07,39.28,12.49,52.72
08:6B:D7:FE:13:F7,1637495934,104,1068,0,435.23,38.28,13.19,54.33
58:8E:81:72:F6:11,1637495905,130,1228,0,514.55,36.20,14.50,51.80
58:8E:81:72:F6:52,1637495881,87,956,0,207.60,37.27,13.78,50.27
00:0B:57:64:8F:DD,1637495854,79,945,0,100.57,38.37,12.24,49.33
14:B4:57:6D:A5:6D,1637495827,104,1099,0,618.40,39.46,12.44,52.76
08:6B:D7:FE:13:F7,1637496126,101,1053,0,442.93,38.43,13.11,59.47
58:8E:81:72:F6:11,1637496097,136,1299,0,591.85,36.30,14.47,62.01
58:8E:81:72:F6:52,1637496073,80,949,0,264.53,37.24,13.90,58.71
00:0B:57:64:8F:DD,1637496045,90,981,0,106.13,38.41,12.31,61.31
14:B4:57:6D:A5:6D,1637496018,99,1053,0,637.67,39.52,12.44,53.60
08:6B:D7:FE:13:F7,1637496320,115,1140,0,444.44,38.30,13.21,54.68
58:8E:81:72:F6:11,1637496291,139,1288,0,602.41,36.41,14.42,52.81
58:8E:81:72:F6:52,1637496267,89,990,0,270.06,37.32,13.79,51.57
00:0B:57:64:8F:DD,1637496239,86,945,0,113.65,38.45,12.28,55.20
14:B4:57:6D:A5:6D,1637496212,124,1224,0,637.44,39.45,12.54,55.86
08:6B:D7:FE:13:F7,1637496513,86,935,0,421.43,38.86,12.89,54.81
58:8E:81:72:F6:11,1637496484,104,1110,0,515.81,36.50,14.27,53.88
58:8E:81:72:F6:52,1637496459,75,927,0,257.21,37.12,13.87,52.58
00:0B:57:64:8F:DD,1637496431,85,959,0,112.50,38.75,12.13,52.47
14:B4:57:6D:A5:6D,1637496404,126,1231,0,636.92,39.56,12.53,52.58
08:6B:D7:FE:13:F7,1637496705,80,961,0,438.75,39.64,12.34,56.77
58:8E:81:72:F6:11,1637496676,88,981,0,572.91,36.68,14.05,53.27
58:8E:81:72:F6:52,1637496652,73,905,0,240.75,36.61,14.19,52.11
00:0B:57:64:8F:DD,1637496624,85,959,0,109.81,38.46,12.16,51.00
14:B4:57:6D:A5:6D,1637496597,90,992,0,629.00,40.39,11.89,54.26
08:6B:D7:FE:13:F7,1637496899,113,1144,0,434.87,39.25,12.66,55.07
58:8E:81:72:F6:11,1637496870,141,1299,0,570.43,36.60,14.28,54.06
58:8E:81:72:F6:52,1637496845,85,961,0,245.41,36.92,14.21,53.71
00:0B:57:64:8F:DD,1637496817,83,945,0,103.42,38.71,12.09,53.33
14:B4:57:6D:A5:6D,1637496790,124,1184,0,628.06,40.39,11.97,54.39
08:6B:D7:FE:13:F7,1637497091,117,1174,0,424.33,39.09,12.87,58.95
58:8E:81:72:F6:11,1637497062,172,1500,0,524.25,36.75,14.31,53.57
58:8E:81:72:F6:52,1637497038,92,1007,0,205.92,37.07,14.05,55.08
00:0B:57:64:8F:DD,1637497010,86,959,0,99.65,38.61,12.20,57.59
14:B4:57:6D:A5:6D,1637496983,135,1281,0,628.51,40.02,12.24,55.56
08:6B:D7:FE:13:F7,1637497263,106,1122,0,429.51,39.35,12.66,62.78
58:8E:81:72:F6:11,1637497234,174,1504,0,549.10,36.91,14.22,60.52
58:8E:81:72:F6:52,1637497210,93,997,0,235.64,36.88,14.12,64.52
14:B4:57:6D:A5:6D,1637497175,122,1259,0,627.46,40.39,12.09,60.13
08:6B:D7:FE:13:F7,1637497455,121,1198,0,428.27,39.37,12.69,55.09
58:8E:81:72:F6:11,1637497426,166,1499,0,541.44,36.97,14.21,66.47
58:8E:81:72:F6:52,1637497402,99,1053,0,230.73,36.79,14.25,61.18
00:0B:57:64:8F:DD,1637497374,91,1001,0,96.80,38.76,12.13,65.10
14:B4:57:6D:A5:6D,1637497347,136,1299,0,625.83,40.31,12.02,57.39
08:6B:D7:FE:13:F7,1637497648,127,1215,0,426.09,38.77,13.02,60.43
58:8E:81:72:F6:11,1637497619,169,1505,0,534.29,36.64,14.37,61.27
58:8E:81:72:F6:52,1637497595,113,1147,0,227.47,37.28,13.99,62.40
00:0B:57:64:8F:DD,1637497567,91,1001,0,93.58,38.88,12.06,60.56
14:B4:57:6D:A5:6D,1637497539,147,1367,0,624.12,40.13,12.20,59.36
08:6B:D7:FE:13:F7,1637497841,125,1178,0,423.44,38.90,13.05,76.74
58:8E:81:72:F6:11,1637497811,183,1507,0,525.76,36.73,14.38,73.86
58:8E:81:72:F6:52,1637497787,111,1137,0,221.96,37.23,14.11,58.87
00:0B:57:64:8F:DD,1637497759,93,1014,0,90.18,38.90,12.12,77.06
14:B4:57:6D:A5:6D,1637497732,154,1441,0,622.48,39.90,12.45,74.82
08:6B:D7:FE:13:F7,1637498032,111,1274,0,421.57,39.07,12.88,71.84
58:8E:81:72:F6:11,1637498003,181,1514,0,515.77,36.75,14.33,73.23
58:8E:81:72:F6:52,1637497979,110,1125,0,214.81,37.17,14.08,66.26
00:0B:57:64:8F:DD,1637497951,96,1032,0,87.04,38.96,12.11,72.11
14:B4:57:6D:A5:6D,1637497924,150,1404,0,621.17,40.10,12.32,70.88
08:6B:D7:FE:13:F7,1637498224,31,605,0,431.35,38.77,12.76,74.38
58:8E:81:72:F6:11,1637498195,51,728,0,676.89,36.04,14.32,72.10
58:8E:81:72:F6:52,1637498171,54,770,0,279.44,36.19,14.56,56.93
00:0B:57:64:8F:DD,1637498143,62,832,0,98.01,37.82,12.52,73.93
14:B4:57:6D:A5:6D,1637498116,117,1207,0,630.56,40.32,12.19,72.34
08:6B:D7:FE:13:F7,1637498417,15,483,0,428.66,38.22,12.96,64.28
58:8E:81:72:F6:11,1637498388,19,519,0,659.92,35.07,14.86,73.96
58:8E:81:72:F6:52,1637498364,21,524,0,270.66,33.72,16.10,58.09
00:0B:57:64:8F:DD,1637498335,31,581,0,94.85,33.68,15.07,71.74
14:B4:57:6D:A5:6D,1637498308,39,650,0,628.71,39.88,12.04,70.33
08:6B:D7:FE:13:F7,1637498610,7,435,0,301.39,34.46,15.42,72.38
58:8E:81:72:F6:11,1637498581,8,464,0,640.37,31.27,17.84,74.40
58:8E:81:72:F6:52,1637498557,14,498,0,255.65,30.29,19.61,70.76
00:0B:57:64:8F:DD,1637498529,12,480,0,80.50,29.40,19.08,72.48
14:B4:57:6D:A5:6D,1637498502,19,527,0,485.53,39.32,12.23,77.95
08:6B:D7:FE:13:F7,1637498803,31,591,0,299.59,33.36,16.56,73.01
58:8E:81:72:F6:11,1637498774,33,611,0,628.01,30.47,19.18,72.42
58:8E:81:72:F6:52,1637498750,31,594,0,248.54,28.85,21.03,71.50
00:0B:57:64:8F:DD,1637498722,67,819,0,77.87,28.02,20.97,71.20
14:B4:57:6D:A5:6D,1637498695,19,536,0,469.87,35.93,14.34,63.98
08:6B:D7:FE:13:F7,1637498996,21,543,0,296.02,32.93,17.25,72.76
58:8E:81:72:F6:11,1637498967,32,592,0,615.36,33.33,16.84,72.82
58:8E:81:72:F6:52,1637498943,27,602,0,239.91,28.89,21.51,64.89
00:0B:57:64:8F:DD,1637498915,56,770,0,81.10,30.73,18.58,73.49
14:B4:57:6D:A5:6D,1637498888,19,534,0,481.09,34.98,15.19,73.11
58:8E:81:72:F6:11,1637499163,13,488,0,584.70,30.91,18.58,59.54
58:8E:81:72:F6:52,1637499138,12,483,0,228.49,31.80,18.39,59.12
00:0B:57:64:8F:DD,1637499109,41,672,0,82.09,32.23,16.62,70.49
14:B4:57:6D:A5:6D,1637499081,14,495,0,464.38,34.76,15.46,59.12
08:6B:D7:FE:13:F7,1637499362,3,438,0,292.82,32.64,17.30,59.42
58:8E:81:72:F6:11,1637499333,8,455,0,584.08,30.54,19.23,60.17
58:8E:81:72:F6:52,1637499309,7,443,0,225.76,29.84,19.48,60.21
00:0B:57:64:8F:DD,1637499281,33,624,0,78.50,32.08,16.75,59.30
14:B4:57:6D:A5:6D,1637499254,9,461,0,463.02,34.88,15.46,59.20
08:6B:D7:FE:13:F7,1637499554,5,434,0,290.31,32.64,17.56,60.36
58:8E:81:72:F6:11,1637499525,9,460,0,568.80,30.33,19.75,57.39
58:8E:81:72:F6:52,1637499501,8,447,0,218.09,29.00,21.03,59.38
00:0B:57:64:8F:DD,1637499473,34,596,0,75.71,32.50,17.17,56.37
14:B4:57:6D:A5:6D,1637499446,8,460,0,461.74,34.56,15.71,60.09
08:6B:D7:FE:13:F7,1637499746,0,406,0,286.66,32.37,17.72,60.10
58:8E:81:72:F6:11,1637499717,3,417,0,545.26,29.99,19.91,61.36
58:8E:81:72:F6:52,1637499693,6,448,0,207.46,29.12,21.19,57.53
00:0B:57:64:8F:DD,1637499665,23,543,0,71.09,29.92,19.00,53.60
14:B4:57:6D:A5:6D,1637499638,5,435,0,459.27,34.85,15.67,60.61
08:6B:D7:FE:13:F7,1637499938,3,424,0,286.00,32.55,17.65,60.52
58:8E:81:72:F6:11,1637499909,5,441,0,532.02,29.90,20.07,60.92
58:8E:81:72:F6:52,1637499885,4,444,0,201.29,28.96,21.38,56.32
00:0B:57:64:8F:DD,1637499857,15,514,0,68.02,29.33,19.51,52.28
14:B4:57:6D:A5:6D,1637499830,7,450,0,456.62,34.44,15.94,53.77
08:6B:D7:FE:13:F7,1637500130,0,405,0,284.01,32.65,17.52,55.29
58:8E:81:72:F6:11,1637500101,3,420,0,512.84,30.20,19.93,57.08
58:8E:81:72:F6:52,1637500077,6,441,0,189.47,29.05,21.38,57.97
00:0B:57:64:8F:DD,1637500049,17,503,0,66.17,29.08,20.38,52.78
14:B4:57:6D:A5:6D,1637500022,3,417,0,454.44,34.45,15.81,58.45
08:6B:D7:FE:13:F7,1637500323,2,418,0,281.83,32.10,17.90,57.88
58:8E:81:72:F6:11,1637500294,1,400,0,500.52,30.00,19.89,53.85
58:8E:81:72:F6:52,1637500269,2,414,0,183.19,28.89,21.40,55.76
00:0B:57:64:8F:DD,1637500241,12,480,0,63.60,28.92,20.00,53.46
14:B4:57:6D:A5:6D,1637500214,2,418,0,452.91,34.53,15.79,54.12
08:6B:D7:FE:13:F7,1637500515,2,423,0,280.19,31.87,18.10,56.21
58:8E:81:72:F6:11,1637500486,1,409,0,490.22,29.80,20.14,53.21
58:8E:81:72:F6:52,1637500462,1,407,0,173.81,27.78,22.13,55.59
00:0B:57:64:8F:DD,1637500434,12,485,0,61.21,28.27,21.15,56.94
14:B4:57:6D:A5:6D,1637500407,1,409,0,450.86,34.29,15.98,54.53
08:6B:D7:FE:13:F7,1637500707,2,411,0,278.39,30.96,18.83,55.00
58:8E:81:72:F6:11,1637500678,3,423,0,476.26,29.03,20.98,60.41
58:8E:81:72:F6:52,1637500654,3,434,0,170.28,27.72,22.91,54.69
00:0B:57:64:8F:DD,1637500626,12,485,0,59.65,28.52,20.58,52.60
14:B4:57:6D:A5:6D,1637500599,3,424,0,450.27,33.41,16.60,55.60
08:6B:D7:FE:13:F7,1637500903,1,418,0,274.36,25.27,24.31,57.45
58:8E:81:72:F6:11,1637500874,2,422,0,458.49,25.95,24.63,54.16
58:8E:81:72:F6:52,1637500849,0,407,0,161.95,24.83,25.85,56.12
00:0B:57:64:8F:DD,1637500820,14,493,0,57.19,29.30,19.97,55.80
14:B4:57:6D:A5:6D,1637500792,1,408,0,445.76,30.40,18.74,65.69
08:6B:D7:FE:13:F7,1637501101,10,472,0,274.67,27.43,24.30,55.73
58:8E:81:72:F6:11,1637501070,11,466,0,447.29,25.78,26.05,54.06
58:8E:81:72:F6:52,1637501045,9,465,0,155.82,24.92,27.88,68.85
00:0B:57:64:8F:DD,1637501016,12,480,0,55.76,29.65,19.40,54.82
14:B4:57:6D:A5:6D,1637500988,7,448,0,445.82,28.21,22.51,54.90
08:6B:D7:FE:13:F7,1637501297,9,465,0,273.93,30.33,20.31,61.49
58:8E:81:72:F6:11,1637501267,14,515,0,437.27,27.74,23.09,60.84
58:8E:81:72:F6:52,1637501242,15,501,0,152.66,27.43,23.72,60.19
00:0B:57:64:8F:DD,1637501213,15,503,0,54.21,28.87,20.32,58.07
14:B4:57:6D:A5:6D,1637501186,11,480,0,444.73,31.52,19.03,59.51
08:6B:D7:FE:13:F7,1637501489,9,485,0,272.59,30.99,19.40,59.41
58:8E:81:72:F6:11,1637501460,20,545,0,420.53,28.45,21.79,56.50
58:8E:81:72:F6:52,1637501436,18,515,0,143.31,27.82,23.10,58.46
00:0B:57:64:8F:DD,1637501408,17,519,0,46.40,28.93,20.53,52.97
14:B4:57:6D:A5:6D,1637501381,14,487,0,443.01,32.69,17.68,62.26
08:6B:D7:FE:13:F7,1637501683,11,478,0,270.69,29.01,21.80,59.35
58:8E:81:72:F6:11,1637501654,15,498,0,409.61,27.01,23.94,54.01
58:8E:81:72:F6:52,1637501630,12,482,0,139.48,25.81,25.64,53.70
00:0B:57:64:8F:DD,1637501602,17,514,0,49.51,28.80,20.48,69.03
14:B4:57:6D:A5:6D,1637501574,14,492,0,442.50,30.85,18.88,66.55
08:6B:D7:FE:13:F7,1637501876,8,452,0,269.36,27.85,22.60,63.02
58:8E:81:72:F6:11,1637501847,12,483,0,401.62,26.40,24.38,63.73
58:8E:81:72:F6:52,1637501822,14,502,0,135.39,26.22,25.44,62.83
00:0B:57:64:8F:DD,1637501794,18,514,0,48.43,28.84,20.48,62.09
14:B4:57:6D:A5:6D,1637501767,12,483,0,441.25,30.61,19.58,62.21
08:6B:D7:FE:13:F7,1637502068,7,448,0,267.20,27.24,24.49,60.29
58:8E:81:72:F6:11,1637502039,10,472,0,383.85,25.53,25.95,58.83
58:8E:81:72:F6:52,1637502015,8,452,0,127.82,24.37,26.49,62.73
00:0B:57:64:8F:DD,1637501987,18,519,0,46.36,29.22,20.29,65.89
14:B4:57:6D:A5:6D,1637501960,6,448,0,439.96,30.23,19.98,65.46
08:6B:D7:FE:13:F7,1637502261,7,447,0,266.21,28.92,21.53,61.18
58:8E:81:72:F6:11,1637502231,9,452,0,363.90,27.01,23.96,56.15
58:8E:81:72:F6:52,1637502207,9,455,0,120.41,25.76,24.92,59.88
00:0B:57:64:8F:DD,1637502179,14,493,0,44.67,28.05,21.32,58.52
14:B4:57:6D:A5:6D,1637502152,10,472,0,438.31,31.02,19.52,56.30
08:6B:D7:FE:13:F7,1637502452,13,495,0,265.07,29.68,21.36,57.39
58:8E:81:72:F6:11,1637502424,19,517,0,342.43,27.63,23.55,62.99
58:8E:81:72:F6:52,1637502400,14,502,0,112.96,26.79,24.77,73.04
00:0B:57:64:8F:DD,1637502372,15,501,0,38.57,28.67,21.28,87.61
14:B4:57:6D:A5:6D,1637502345,12,483,0,436.40,31.35,18.81,95.71
08:6B:D7:FE:13:F7,1637502646,7,446,0,263.03,29.73,20.58,58.69
58:8E:81:72:F6:11,1637502617,9,462,0,322.25,27.93,22.73,58.78
58:8E:81:72:F6:52,1637502593,13,491,0,106.39,26.35,24.79,59.54
00:0B:57:64:8F:DD,1637502565,15,501,0,40.57,28.30,21.38,66.47
14:B4:57:6D:A5:6D,1637502538,14,496,0,432.34,32.12,18.36,57.38
08:6B:D7:FE:13:F7,1637502839,7,443,0,262.78,30.38,20.32,62.92
58:8E:81:72:F6:11,1637502810,13,486,0,312.07,28.07,22.48,59.87
58:8E:81:72:F6:52,1637502786,12,480,0,104.26,26.73,24.36,58.99
00:0B:57:64:8F:DD,1637502758,12,480,0,39.45,27.78,21.55,62.50
14:B4:57:6D:A5:6D,1637502731,14,488,0,433.52,32.23,18.26,59.45
08:6B:D7:FE:13:F7,1637503032,4,428,0,260.80,30.54,19.99,57.98
58:8E:81:72:F6:11,1637503003,7,463,0,294.36,28.41,22.07,58.38
58:8E:81:72:F6:52,1637502979,9,459,0,97.04,27.28,23.65,62.21
00:0B:57:64:8F:DD,1637502951,12,475,0,37.35,27.45,22.22,57.93
14:B4:57:6D:A5:6D,1637502923,12,487,0,432.29,32.29,18.01,57.84
08:6B:D7:FE:13:F7,1637503227,6,441,0,259.15,29.38,21.38,63.85
58:8E:81:72:F6:11,1637503197,11,464,0,273.62,27.65,23.09,57.77
58:8E:81:72:F6:52,1637503172,7,454,0,90.10,26.14,24.96,70.18
00:0B:57:64:8F:DD,1637503144,15,501,0,34.65,28.96,20.96,71.93
14:B4:57:6D:A5:6D,1637503117,6,443,0,430.51,31.86,17.88,61.01
08:6B:D7:FE:13:F7,1637503422,7,459,0,257.15,30.31,20.29,71.55
58:8E:81:72:F6:11,1637503393,15,488,0,251.13,28.21,22.30,72.89
58:8E:81:72:F6:52,1637503368,13,487,0,82.00,27.09,24.00,62.17
00:0B:57:64:8F:DD,1637503339,18,514,0,31.97,28.75,21.14,66.35
14:B4:57:6D:A5:6D,1637503311,14,492,0,428.98,32.10,18.25,67.47
08:6B:D7:FE:13:F7,1637503615,6,444,0,256.68,30.44,20.09,72.46
58:8E:81:72:F6:11,1637503586,15,502,0,246.94,28.32,22.39,59.47
58:8E:81:72:F6:52,1637503562,15,492,0,81.06,26.88,23.98,68.59
00:0B:57:64:8F:DD,1637503534,17,514,0,32.37,28.39,20.90,66.77
14:B4:57:6D:A5:6D,1637503507,14,492,0,428.65,32.51,17.98,58.55
08:6B:D7:FE:13:F7,1637503806,7,443,0,254.84,30.09,20.31,55.36
58:8E:81:72:F6:11,1637503778,11,475,0,231.62,28.50,22.03,54.68
58:8E:81:72:F6:52,1637503754,12,481,0,76.19,26.91,24.25,55.95
00:0B:57:64:8F:DD,1637503726,15,501,0,34.52,28.33,21.33,54.27
14:B4:57:6D:A5:6D,1637503699,13,491,0,427.81,32.59,17.84,56.03
08:6B:D7:FE:13:F7,1637503999,4,439,0,252.86,29.70,20.91,61.39
58:8E:81:72:F6:11,1637503970,10,466,0,215.78,28.11,22.57,61.48
58:8E:81:72:F6:52,1637503946,8,464,0,71.42,26.25,24.93,53.87
00:0B:57:64:8F:DD,1637503918,15,501,0,31.12,27.86,22.01,53.47
14:B4:57:6D:A5:6D,1637503891,13,486,0,426.23,31.96,18.22,55.12
08:6B:D7:FE:13:F7,1637504191,1,411,0,249.98,29.81,20.77,54.90
58:8E:81:72:F6:11,1637504161,8,454,0,185.96,28.00,22.67,54.42
58:8E:81:72:F6:52,1637504137,8,448,0,59.56,26.16,24.89,53.85
00:0B:57:64:8F:DD,1637504110,12,485,0,26.36,27.65,22.48,52.57
14:B4:57:6D:A5:6D,1637504083,9,462,0,424.36,32.15,18.34,54.47
08:6B:D7:FE:13:F7,1637504382,0,400,0,249.50,29.89,20.68,56.92
58:8E:81:72:F6:11,1637504353,7,439,0,171.40,28.11,22.74,56.61
58:8E:81:72:F6:52,1637504329,7,450,0,55.98,26.35,25.07,52.73
00:0B:57:64:8F:DD,1637504301,13,487,0,26.21,28.36,21.43,53.57
14:B4:57:6D:A5:6D,1637504274,8,454,0,423.03,32.10,18.36,54.60
08:6B:D7:FE:13:F7,1637504574,12,483,0,246.88,27.04,24.97,59.72
58:8E:81:72:F6:11,1637504545,19,530,0,158.24,26.08,25.02,55.21
58:8E:81:72:F6:52,1637504521,12,508,0,53.02,25.49,27.05,56.46
00:0B:57:64:8F:DD,1637504493,10,470,0,25.07,28.63,21.06,54.84
14:B4:57:6D:A5:6D,1637504466,6,442,0,422.59,31.84,18.60,56.10
08:6B:D7:FE:13:F7,1637504767,22,560,0,249.69,28.39,25.27,53.03
58:8E:81:72:F6:11,1637504738,33,646,0,190.77,26.85,27.27,52.75
58:8E:81:72:F6:52,1637504713,41,683,0,42.93,26.03,29.00,62.12
00:0B:57:64:8F:DD,1637504685,33,611,0,17.89,28.86,21.77,58.01
14:B4:57:6D:A5:6D,1637504658,19,534,0,418.77,29.74,23.18,53.62
08:6B:D7:FE:13:F7,1637504959,56,768,0,335.47,30.66,24.24,54.99
58:8E:81:72:F6:11,1637504930,94,1019,0,181.34,32.18,22.22,59.11
58:8E:81:72:F6:52,1637504906,58,754,0,44.18,32.16,21.50,58.50
00:0B:57:64:8F:DD,1637504878,33,617,0,22.88,34.67,16.96,52.63
14:B4:57:6D:A5:6D,1637504851,33,650,0,435.59,31.74,20.85,57.17
08:6B:D7:FE:13:F7,1637505152,103,1081,0,372.48,35.08,18.55,54.44
58:8E:81:72:F6:11,1637505123,105,1068,0,176.73,34.01,18.91,55.87
58:8E:81:72:F6:52,1637505099,76,900,0,41.08,34.22,19.67,57.87
00:0B:57:64:8F:DD,1637505071,134,1299,0,22.79,36.61,15.36,49.01
14:B4:57:6D:A5:6D,1637505044,72,868,0,579.73,36.08,17.81,54.64
08:6B:D7:FE:13:F7,1637505344,220,1578,0,371.59,36.45,16.81,57.34
58:8E:81:72:F6:11,1637505315,311,1660,0,159.87,34.52,18.21,52.26
58:8E:81:72:F6:52,1637505291,156,1400,0,36.04,35.16,17.87,53.80
00:0B:57:64:8F:DD,1637505263,114,1198,0,20.93,37.20,15.30,47.71
14:B4:57:6D:A5:6D,1637505236,190,1531,0,577.01,37.37,16.09,53.33
08:6B:D7:FE:13:F7,1637505536,212,1557,0,370.57,37.19,16.00,53.42
58:8E:81:72:F6:11,1637505507,287,1635,0,139.33,34.93,17.92,52.73
58:8E:81:72:F6:52,1637505483,215,1571,0,32.93,35.48,17.92,54.31
00:0B:57:64:8F:DD,1637505455,161,1462,0,19.58,37.68,14.86,53.11
14:B4:57:6D:A5:6D,1637505428,236,1578,0,576.45,37.98,15.39,53.40
08:6B:D7:FE:13:F7,1637505727,209,1562,0,369.86,37.55,16.20,61.42
58:8E:81:72:F6:11,1637505699,283,1631,0,119.79,35.19,17.76,65.32
58:8E:81:72:F6:52,1637505675,226,1610,0,29.42,35.87,17.72,61.47
00:0B:57:64:8F:DD,1637505647,183,1603,0,18.56,37.53,15.13,48.64
14:B4:57:6D:A5:6D,1637505620,189,1522,0,576.04,38.45,15.01,54.51
08:6B:D7:FE:13:F7,1637505920,187,1556,0,368.38,37.99,15.77,55.03
58:8E:81:72:F6:11,1637505891,310,1671,0,95.01,35.51,17.57,58.29
58:8E:81:72:F6:52,1637505867,209,1537,0,25.77,35.62,17.46,62.59
00:0B:57:64:8F:DD,1637505839,183,1603,0,16.75,37.58,15.30,53.26
14:B4:57:6D:A5:6D,1637505812,220,1560,0,574.43,38.67,15.31,56.28
08:6B:D7:FE:13:F7,1637506111,197,1531,0,368.30,38.09,15.42,102.17
58:8E:81:72:F6:11,1637506083,266,1624,0,83.30,35.51,17.35,57.93
58:8E:81:72:F6:52,1637506058,214,1559,0,23.58,35.92,17.49,55.14
00:0B:57:64:8F:DD,1637506031,193,1673,0,17.96,37.85,15.29,93.23
14:B4:57:6D:A5:6D,1637506004,188,1525,0,574.60,39.20,14.73,97.92
08:6B:D7:FE:13:F7,1637506303,169,1482,0,367.55,37.91,15.49,56.34
58:8E:81:72:F6:11,1637506274,230,1582,0,75.17,35.39,17.38,51.96
58:8E:81:72:F6:52,1637506250,166,1458,0,22.12,35.87,17.13,52.82
00:0B:57:64:8F:DD,1637506222,193,1673,0,18.00,37.64,15.36,48.32
14:B4:57:6D:A5:6D,1637506195,186,1529,0,573.80,39.18,14.72,56.69
08:6B:D7:FE:13:F7,1637506495,120,1188,0,366.67,37.84,15.31,102.71
58:8E:81:72:F6:11,1637506466,174,1507,0,63.88,35.48,17.35,62.84
58:8E:81:72:F6:52,1637506442,181,1514,0,20.79,35.82,17.46,54.03
00:0B:57:64:8F:DD,1637506414,165,1487,0,15.89,37.53,15.13,54.25
14:B4:57:6D:A5:6D,1637506387,163,1474,0,573.42,39.03,14.53,61.54
08:6B:D7:FE:13:F7,1637506705,103,1056,0,366.71,38.03,15.08,80.46
58:8E:81:72:F6:11,1637506675,146,1404,0,57.11,35.56,16.98,75.71
58:8E:81:72:F6:52,1637506651,177,1500,0,18.75,35.93,17.20,80.84
00:0B:57:64:8F:DD,1637506612,148,1400,0,18.13,37.37,15.69,77.40
14:B4:57:6D:A5:6D,1637506579,115,1174,0,574.08,39.04,14.50,79.55
08:6B:D7:FE:13:F7,1637506903,101,1047,0,365.92,38.09,15.00,83.68
58:8E:81:72:F6:11,1637506874,161,1420,0,45.04,35.55,16.95,77.05
58:8E:81:72:F6:52,1637506850,192,1530,0,17.38,36.01,17.52,74.22
00:0B:57:64:8F:DD,1637506822,157,1436,0,17.54,37.53,15.46,75.00
14:B4:57:6D:A5:6D,1637506793,111,1131,0,573.35,39.24,14.16,81.42
08:6B:D7:FE:13:F7,1637507096,110,1150,0,365.20,38.07,15.03,75.89
58:8E:81:72:F6:11,1637507067,209,1525,0,35.14,35.42,17.23,68.29
58:8E:81:72:F6:52,1637507043,178,1470,0,15.85,35.59,17.36,72.53
00:0B:57:64:8F:DD,1637507014,152,1420,0,17.32,37.73,15.45,83.21
14:B4:57:6D:A5:6D,1637506987,112,1153,0,572.69,39.26,14.22,76.50
08:6B:D7:FE:13:F7,1637507289,102,1050,0,364.73,38.22,14.93,78.81
58:8E:81:72:F6:11,1637507260,150,1425,0,29.58,35.42,17.10,78.10
58:8E:81:72:F6:52,1637507236,140,1324,0,15.12,35.55,17.55,75.28
00:0B:57:64:8F:DD,1637507208,152,1400,0,17.26,37.95,15.37,84.94
14:B4:57:6D:A5:6D,1637507180,115,1147,0,572.38,39.40,14.05,66.40
08:6B:D7:FE:13:F7,1637507481,100,1081,0,364.62,38.01,15.01,59.09
58:8E:81:72:F6:11,1637507452,159,1478,0,23.95,35.44,17.02,81.32
58:8E:81:72:F6:52,1637507428,179,1528,0,13.96,35.56,17.62,82.19
00:0B:57:64:8F:DD,1637507400,148,1376,0,16.92,37.64,15.56,77.37
14:B4:57:6D:A5:6D,1637507373,112,1140,0,572.22,39.44,14.01,78.04
08:6B:D7:FE:13:F7,1637507674,60,855,0,1393.98,36.69,15.00,72.12
58:8E:81:72:F6:11,1637507644,96,961,0,89.89,35.27,17.10,74.54
58:8E:81:72:F6:52,1637507620,106,1168,0,29.64,35.11,17.66,75.72
00:0B:57:64:8F:DD,1637507592,148,1376,0,16.42,37.80,15.65,76.80
14:B4:57:6D:A5:6D,1637507565,118,1181,0,579.04,39.51,14.30,58.35
08:6B:D7:FE:13:F7,1637507866,30,565,0,1396.02,30.13,19.45,72.10
58:8E:81:72:F6:11,1637507837,47,844,0,78.55,31.25,18.17,69.92
58:8E:81:72:F6:52,1637507813,53,726,0,27.51,32.21,18.08,74.35
00:0B:57:64:8F:DD,1637507785,62,819,0,15.08,35.66,15.36,63.49
14:B4:57:6D:A5:6D,1637507758,52,737,0,1102.93,37.97,14.25,67.39
08:6B:D7:FE:13:F7,1637508059,323,569,0,216.10,26.59,24.68,57.09
58:8E:81:72:F6:11,1637508030,35,634,0,73.17,29.92,21.44,90.59
58:8E:81:72:F6:52,1637508006,36,715,0,31.45,29.03,22.85,81.59
00:0B:57:64:8F:DD,1637507978,47,706,0,14.87,35.06,15.65,103.19
14:B4:57:6D:A5:6D,1637507951,39,643,0,805.49,32.44,17.76,63.53
08:6B:D7:FE:13:F7,1637508254,3206,3168,0,7.08,26.38,25.81,54.85
58:8E:81:72:F6:11,1637508224,4702,3797,0,106.02,30.51,20.70,57.53
58:8E:81:72:F6:52,1637508199,4181,3671,0,83.56,29.56,21.44,60.52
00:0B:57:64:8F:DD,1637508170,236,1955,0,15.18,30.76,17.91,63.33
14:B4:57:6D:A5:6D,1637508143,3259,3382,0,94.88,32.18,19.08,59.75
08:6B:D7:FE:13:F7,1637508447,2241,2763,0,5.27,29.77,21.73,64.12
58:8E:81:72:F6:11,1637508418,3939,3560,0,103.25,30.99,19.69,64.29
58:8E:81:72:F6:52,1637508394,3784,3432,0,61.06,29.75,21.14,58.70
00:0B:57:64:8F:DD,1637508366,234,1977,0,16.20,34.09,16.31,64.79
14:B4:57:6D:A5:6D,1637508338,3454,3309,0,72.58,33.41,17.50,64.62
08:6B:D7:FE:13:F7,1637508639,1856,2537,0,5.46,30.96,20.03,59.14
58:8E:81:72:F6:11,1637508610,3142,3138,0,87.31,31.50,19.08,54.98
58:8E:81:72:F6:52,1637508586,2954,3053,0,80.41,30.82,20.10,54.88
00:0B:57:64:8F:DD,1637508558,222,1811,0,16.05,35.36,14.98,58.11
14:B4:57:6D:A5:6D,1637508531,2613,2865,0,72.30,34.60,16.45,58.41
08:6B:D7:FE:13:F7,1637508832,1618,2423,0,5.30,31.22,19.86,63.95
58:8E:81:72:F6:11,1637508803,2703,2934,0,86.00,31.95,18.82,61.68
58:8E:81:72:F6:52,1637508779,2541,2826,0,78.94,31.45,19.82,55.36
00:0B:57:64:8F:DD,1637508751,198,1659,0,16.05,35.67,14.85,59.72
14:B4:57:6D:A5:6D,1637508724,2376,2791,0,88.48,35.08,15.97,64.30
08:6B:D7:FE:13:F7,1637509025,1362,2322,0,5.36,31.63,19.48,61.12
58:8E:81:72:F6:11,1637508995,2342,2791,0,85.72,31.91,18.95,52.07
58:8E:81:72:F6:52,1637508971,2067,2661,0,78.33,31.77,19.29,54.67
00:0B:57:64:8F:DD,1637508943,185,1617,0,16.67,36.18,14.62,51.11
14:B4:57:6D:A5:6D,1637508916,1986,2609,0,88.32,35.28,15.97,57.62
08:6B:D7:FE:13:F7,1637509218,1361,2338,0,5.52,31.84,19.43,53.02
58:8E:81:72:F6:11,1637509189,2399,2784,0,88.27,32.11,18.84,51.93
58:8E:81:72:F6:52,1637509165,1897,2554,0,80.77,32.09,19.13,54.65
00:0B:57:64:8F:DD,1637509137,229,1936,0,16.67,36.40,14.46,50.19
14:B4:57:6D:A5:6D,1637509110,1829,2521,0,89.47,35.41,15.92,54.85
08:6B:D7:FE:13:F7,1637509410,1009,2140,0,5.30,31.90,19.28,56.18
58:8E:81:72:F6:11,1637509381,1919,2596,0,88.78,32.05,18.75,53.04
58:8E:81:72:F6:52,1637509357,1688,2483,0,81.26,32.17,18.98,60.36
00:0B:57:64:8F:DD,1637509329,198,1744,0,16.89,36.47,14.40,50.54
14:B4:57:6D:A5:6D,1637509302,1673,2454,0,90.51,35.61,15.76,52.43
08:6B:D7:FE:13:F7,1637509602,810,2036,0,5.55,32.01,19.15,53.24
58:8E:81:72:F6:11,1637509573,1573,2404,0,89.28,32.25,18.62,54.35
58:8E:81:72:F6:52,1637509549,1414,2328,0,81.64,32.37,18.78,54.66
00:0B:57:64:8F:DD,1637509521,180,1600,0,16.80,36.03,14.76,49.58
14:B4:57:6D:A5:6D,1637509494,1320,2274,0,91.03,35.57,15.73,53.34
08:6B:D7:FE:13:F7,1637509795,703,1975,0,5.55,32.15,19.03,54.89
58:8E:81:72:F6:11,1637509766,1367,2303,0,90.69,32.31,18.63,55.13
58:8E:81:72:F6:52,1637509741,1174,2234,0,82.79,32.53,18.58,54.38
00:0B:57:64:8F:DD,1637509713,168,1526,0,16.39,36.18,14.71,48.88
14:B4:57:6D:A5:6D,1637509686,1115,2189,0,91.42,35.64,15.74,52.37
08:6B:D7:FE:13:F7,1637509990,592,1905,0,11.72,33.60,17.78,53.52
58:8E:81:72:F6:11,1637509961,1134,2195,0,91.12,32.62,18.31,54.62
58:8E:81:72:F6:52,1637509937,1084,2160,0,84.18,32.86,18.55,53.55
00:0B:57:64:8F:DD,1637509909,155,1421,0,16.98,36.47,14.78,50.81
14:B4:57:6D:A5:6D,1637509881,933,2094,0,146.64,36.09,15.51,55.43
08:6B:D7:FE:13:F7,1637510183,535,1863,0,11.63,34.15,17.26,53.33
58:8E:81:72:F6:11,1637510154,981,2128,0,91.19,32.50,18.50,51.51
58:8E:81:72:F6:52,1637510130,868,2035,0,84.06,32.79,18.46,53.69
00:0B:57:64:8F:DD,1637510102,145,1366,0,16.77,36.52,14.54,49.34
14:B4:57:6D:A5:6D,1637510075,801,2030,0,146.64,36.15,15.47,52.92
08:6B:D7:FE:13:F7,1637510379,438,1789,0,12.38,34.28,17.10,54.39
58:8E:81:72:F6:11,1637510350,823,2048,0,91.62,32.64,18.42,51.89
58:8E:81:72:F6:52,1637510325,776,2001,0,84.25,32.68,18.68,54.35
00:0B:57:64:8F:DD,1637510296,134,1268,0,17.29,36.31,14.61,49.49
14:B4:57:6D:A5:6D,1637510268,687,1965,0,146.24,36.02,15.55,53.07
08:6B:D7:FE:13:F7,1637510573,346,1721,0,12.13,34.36,16.88,54.48
58:8E:81:72:F6:11,1637510544,645,1926,0,101.21,32.48,18.36,55.28
58:8E:81:72:F6:52,1637510520,548,1888,0,84.28,32.64,18.53,57.13
00:0B:57:64:8F:DD,1637510492,121,1195,0,16.98,35.92,14.98,51.60
14:B4:57:6D:A5:6D,1637510464,556,1882,0,156.47,38.09,14.13,53.29
58:8E:81:72:F6:11,1637510737,594,1906,0,103.54,34.61,16.81,56.13
58:8E:81:72:F6:52,1637510713,476,1857,0,104.79,34.53,17.29,53.42
00:0B:57:64:8F:DD,1637510684,141,1355,0,16.42,35.69,15.04,55.10
14:B4:57:6D:A5:6D,1637510657,452,1803,0,158.88,38.75,13.64,59.03
08:6B:D7:FE:13:F7,1637510936,283,1651,0,12.38,34.43,16.97,54.42
58:8E:81:72:F6:11,1637510907,483,1827,0,103.99,35.46,15.94,56.50
58:8E:81:72:F6:52,1637510883,456,1815,0,105.20,34.82,17.00,59.17
00:0B:57:64:8F:DD,1637510855,126,1228,0,16.02,35.42,15.60,57.06
14:B4:57:6D:A5:6D,1637510828,442,1801,0,158.64,38.46,13.70,55.62
08:6B:D7:FE:13:F7,1637511129,307,1668,0,12.22,34.29,17.30,61.58
58:8E:81:72:F6:11,1637511100,477,1822,0,104.16,35.71,15.84,59.84
58:8E:81:72:F6:52,1637511075,396,1788,0,105.17,35.33,16.72,58.19
00:0B:57:64:8F:DD,1637511047,119,1185,0,16.05,35.87,15.56,55.30
14:B4:57:6D:A5:6D,1637511020,369,1731,0,158.76,38.63,13.71,54.51
08:6B:D7:FE:13:F7,1637511323,254,1616,0,12.22,34.34,17.45,55.02
58:8E:81:72:F6:11,1637511294,454,1804,0,104.62,35.78,15.92,58.51
58:8E:81:72:F6:52,1637511270,476,1785,0,105.30,35.50,16.90,54.11
00:0B:57:64:8F:DD,1637511242,116,1162,0,16.01,36.37,14.98,55.46
14:B4:57:6D:A5:6D,1637511214,352,1714,0,157.73,38.89,13.82,56.66
08:6B:D7:FE:13:F7,1637511516,249,1606,0,12.38,34.16,17.51,94.55
58:8E:81:72:F6:11,1637511487,434,1799,0,103.91,35.57,16.02,90.89
58:8E:81:72:F6:52,1637511463,374,1738,0,105.00,36.02,15.96,55.33
00:0B:57:64:8F:DD,1637511435,112,1126,0,16.48,36.29,15.11,59.57
14:B4:57:6D:A5:6D,1637511408,379,1754,0,157.75,39.06,13.56,60.77
08:6B:D7:FE:13:F7,1637511708,218,1575,0,12.16,34.21,17.65,58.43
58:8E:81:72:F6:11,1637511679,385,1744,0,104.31,35.65,16.04,87.14
58:8E:81:72:F6:52,1637511655,305,1667,0,105.54,36.32,15.92,76.38
00:0B:57:64:8F:DD,1637511627,108,1113,0,16.07,36.84,14.80,55.33
14:B4:57:6D:A5:6D,1637511600,284,1642,0,157.66,39.31,13.63,63.44
08:6B:D7:FE:13:F7,1637511900,203,1544,0,12.06,34.34,17.43,57.38
58:8E:81:72:F6:11,1637511871,335,1696,0,103.75,35.59,16.08,54.67
58:8E:81:72:F6:52,1637511847,345,1623,0,105.45,36.16,16.00,60.20
00:0B:57:64:8F:DD,1637511819,105,1099,0,16.02,37.07,14.72,49.74
14:B4:57:6D:A5:6D,1637511792,261,1624,0,157.66,39.18,13.66,60.04
08:6B:D7:FE:13:F7,1637512093,199,1540,0,12.38,34.36,17.55,58.94
58:8E:81:72:F6:11,1637512064,332,1683,0,101.88,35.49,16.27,54.83
58:8E:81:72:F6:52,1637512040,246,1601,0,105.33,36.59,15.62,55.09
00:0B:57:64:8F:DD,1637512012,105,1091,0,18.91,37.23,14.69,53.36
14:B4:57:6D:A5:6D,1637511985,234,1587,0,157.73,39.19,13.61,53.55
08:6B:D7:FE:13:F7,1637512285,180,1521,0,12.41,34.37,17.63,55.20
58:8E:81:72:F6:11,1637512256,306,1680,0,104.41,35.65,16.23,62.38
58:8E:81:72:F6:52,1637512232,229,1591,0,107.66,36.70,15.59,57.45
00:0B:57:64:8F:DD,1637512205,101,1078,0,17.01,37.53,14.52,66.68
14:B4:57:6D:A5:6D,1637512178,223,1578,0,159.00,39.25,13.67,59.76
08:6B:D7:FE:13:F7,1637512479,151,1393,0,12.50,34.41,17.51,57.96
58:8E:81:72:F6:11,1637512450,252,1615,0,104.89,35.52,16.21,59.20
58:8E:81:72:F6:52,1637512425,194,1548,0,107.46,36.61,15.63,54.96
00:0B:57:64:8F:DD,1637512397,92,1006,0,16.39,37.19,14.67,56.34
14:B4:57:6D:A5:6D,1637512370,200,1547,0,158.80,39.05,13.73,55.93
08:6B:D7:FE:13:F7,1637512673,131,1262,0,12.56,34.53,17.30,53.70
58:8E:81:72:F6:11,1637512644,222,1583,0,105.20,35.51,16.22,55.37
58:8E:81:72:F6:52,1637512620,185,1520,0,108.20,36.49,15.63,59.10
00:0B:57:64:8F:DD,1637512592,87,987,0,16.17,36.59,14.91,51.11
14:B4:57:6D:A5:6D,1637512564,177,1507,0,158.88,39.09,13.67,57.20
08:6B:D7:FE:13:F7,1637512866,133,1277,0,12.50,34.53,17.34,56.19
58:8E:81:72:F6:11,1637512837,229,1567,0,105.27,35.54,16.13,57.60
58:8E:81:72:F6:52,1637512813,191,1528,0,107.89,36.19,15.97,56.36
00:0B:57:64:8F:DD,1637512785,92,1006,0,16.39,36.26,15.30,55.30
14:B4:57:6D:A5:6D,1637512758,152,1400,0,158.83,38.99,13.69,58.91
08:6B:D7:FE:13:F7,1637513059,128,1242,0,12.38,34.51,17.37,60.62
58:8E:81:72:F6:11,1637513030,217,1564,0,105.40,35.60,16.18,56.99
58:8E:81:72:F6:52,1637513006,194,1540,0,108.14,36.01,16.05,58.66
00:0B:57:64:8F:DD,1637512978,87,967,0,16.20,36.54,15.23,52.41
14:B4:57:6D:A5:6D,1637512951,162,1441,0,158.73,38.91,13.71,58.08
08:6B:D7:FE:13:F7,1637513254,113,1144,0,12.13,34.60,17.26,57.73
58:8E:81:72:F6:11,1637513225,192,1530,0,105.49,35.54,16.12,62.09
58:8E:81:72:F6:52,1637513201,162,1513,0,108.05,35.72,16.32,55.02
00:0B:57:64:8F:DD,1637513173,84,957,0,16.20,36.09,15.43,49.85
14:B4:57:6D:A5:6D,1637513145,136,1299,0,159.13,39.12,13.65,55.61
08:6B:D7:FE:13:F7,1637513448,111,1113,0,12.28,34.26,17.46,55.38
58:8E:81:72:F6:11,1637513419,182,1506,0,105.61,35.50,16.14,59.75
58:8E:81:72:F6:52,1637513394,150,1352,0,108.14,35.70,16.38,52.33
00:0B:57:64:8F:DD,1637513366,80,927,0,15.92,35.75,15.65,54.91
14:B4:57:6D:A5:6D,1637513339,122,1207,0,159.16,39.01,13.69,57.99
08:6B:D7:FE:13:F7,1637513640,110,1125,0,13.19,33.95,17.90,54.99
58:8E:81:72:F6:11,1637513611,179,1543,0,132.35,35.79,16.14,55.26
58:8E:81:72:F6:52,1637513587,158,1441,0,143.67,36.08,16.18,57.83
00:0B:57:64:8F:DD,1637513559,75,908,0,16.42,36.49,15.36,57.35
14:B4:57:6D:A5:6D,1637513532,127,1198,0,159.19,38.91,13.65,54.32
08:6B:D7:FE:13:F7,1637513832,114,1150,0,11.69,34.09,17.94,53.71
58:8E:81:72:F6:11,1637513803,193,1531,0,26.54,35.84,16.17,61.31
58:8E:81:72:F6:52,1637513779,141,1360,0,145.69,36.22,16.09,59.90
00:0B:57:64:8F:DD,1637513751,76,901,0,16.17,36.43,15.20,51.93
14:B4:57:6D:A5:6D,1637513724,138,1321,0,189.50,38.75,13.92,61.13
08:6B:D7:FE:13:F7,1637514026,104,1086,0,11.16,34.32,17.74,55.39
58:8E:81:72:F6:11,1637513997,170,1497,0,26.29,35.82,16.04,57.62
58:8E:81:72:F6:52,1637513973,139,1316,0,39.98,36.26,16.09,55.85
00:0B:57:64:8F:DD,1637513944,77,927,0,17.26,36.97,14.91,47.62
14:B4:57:6D:A5:6D,1637513917,120,1174,0,112.28,39.25,13.86,59.15
08:6B:D7:FE:13:F7,1637514220,111,1099,0,10.94,34.21,17.75,87.04
58:8E:81:72:F6:11,1637514190,168,1503,0,26.17,35.84,16.13,58.87
58:8E:81:72:F6:52,1637514166,138,1307,0,39.36,36.24,16.36,53.13
00:0B:57:64:8F:DD,1637514138,77,908,0,16.23,36.18,15.49,55.39
14:B4:57:6D:A5:6D,1637514111,127,1238,0,115.44,39.35,13.72,57.88
08:6B:D7:FE:13:F7,1637514412,99,1053,0,11.26,34.08,18.00,56.52
58:8E:81:72:F6:11,1637514383,165,1499,0,26.24,35.90,16.00,55.78
58:8E:81:72:F6:52,1637514359,141,1330,0,39.58,36.50,15.84,60.88
00:0B:57:64:8F:DD,1637514331,87,957,0,16.30,36.20,15.53,60.78
14:B4:57:6D:A5:6D,1637514304,135,1307,0,115.07,39.27,13.68,60.73
08:6B:D7:FE:13:F7,1637514605,93,1012,0,11.16,34.19,17.75,67.17
58:8E:81:72:F6:11,1637514576,151,1393,0,26.21,35.74,16.09,85.93
58:8E:81:72:F6:52,1637514552,155,1501,0,39.86,36.39,16.36,58.99
00:0B:57:64:8F:DD,1637514524,83,950,0,16.42,36.16,15.34,77.68
14:B4:57:6D:A5:6D,1637514497,108,1113,0,115.27,39.21,13.68,63.75
08:6B:D7:FE:13:F7,1637514799,91,1029,0,11.19,34.06,17.72,58.15
58:8E:81:72:F6:11,1637514769,161,1462,0,25.99,35.82,15.97,59.97
58:8E:81:72:F6:52,1637514745,133,1310,0,39.86,36.34,15.62,54.83
00:0B:57:64:8F:DD,1637514717,77,908,0,16.47,36.15,15.47,59.43
14:B4:57:6D:A5:6D,1637514689,106,1065,0,115.42,39.32,13.75,58.09
08:6B:D7:FE:13:F7,1637514992,90,1041,0,121.54,34.71,17.47,64.12
58:8E:81:72:F6:11,1637514963,153,1453,0,26.92,35.59,16.20,57.57
58:8E:81:72:F6:52,1637514939,336,1585,0,44.08,36.37,16.18,59.82
00:0B:57:64:8F:DD,1637514911,76,894,0,25.24,34.86,16.51,48.59
14:B4:57:6D:A5:6D,1637514884,122,1220,0,12.16,38.85,14.16,62.15
08:6B:D7:FE:13:F7,1637515188,92,1053,0,221.26,35.05,16.84,57.56
58:8E:81:72:F6:11,1637515158,207,1608,0,37.48,35.10,16.75,56.60
58:8E:81:72:F6:52,1637515133,310,1629,0,32.08,36.17,17.11,61.14
00:0B:57:64:8F:DD,1637515105,79,927,0,25.12,35.55,15.69,51.98
14:B4:57:6D:A5:6D,1637515078,83,949,0,12.41,38.90,13.72,62.88
08:6B:D7:FE:13:F7,1637515380,87,959,0,223.13,34.82,16.81,60.16
58:8E:81:72:F6:11,1637515351,155,1420,0,37.23,35.56,16.05,58.17
58:8E:81:72:F6:52,1637515327,164,1482,0,58.52,35.77,16.32,54.02
00:0B:57:64:8F:DD,1637515299,76,901,0,25.15,35.54,15.60,56.97
14:B4:57:6D:A5:6D,1637515272,104,1065,0,60.99,38.97,13.67,65.54
08:6B:D7:FE:13:F7,1637515573,86,967,0,223.68,34.46,17.26,56.46
58:8E:81:72:F6:11,1637515544,135,1291,0,36.51,35.46,16.31,54.47
58:8E:81:72:F6:52,1637515520,168,1495,0,57.68,35.63,16.77,56.41
00:0B:57:64:8F:DD,1637515492,75,901,0,25.18,36.01,15.20,48.70
14:B4:57:6D:A5:6D,1637515465,97,1050,0,59.50,39.22,13.40,57.48
08:6B:D7:FE:13:F7,1637515765,144,1380,0,224.52,34.69,16.96,56.65
58:8E:81:72:F6:11,1637515736,347,1657,0,36.79,35.51,15.96,54.44
58:8E:81:72:F6:52,1637515712,357,1674,0,58.18,36.16,16.54,54.78
00:0B:57:64:8F:DD,1637515684,101,1078,0,24.90,36.53,15.32,49.77
14:B4:57:6D:A5:6D,1637515657,157,1416,0,58.14,38.87,13.40,53.72
08:6B:D7:FE:13:F7,1637515957,133,1252,0,224.43,34.82,16.81,55.26
58:8E:81:72:F6:11,1637515928,269,1627,0,36.58,35.48,15.95,55.77
58:8E:81:72:F6:52,1637515904,1057,1991,0,57.71,36.54,16.30,53.51
00:0B:57:64:8F:DD,1637515876,108,1113,0,25.30,36.84,14.88,50.70
14:B4:57:6D:A5:6D,1637515849,195,1534,0,57.98,38.94,13.52,55.79
08:6B:D7:FE:13:F7,1637516149,167,1502,0,224.90,34.78,16.86,55.70
58:8E:81:72:F6:11,1637516120,471,1829,0,36.79,35.59,15.92,55.56
58:8E:81:72:F6:52,1637516096,294,1655,0,57.90,36.93,15.55,55.54
00:0B:57:64:8F:DD,1637516068,103,1078,0,25.26,37.11,14.56,50.82
14:B4:57:6D:A5:6D,1637516041,177,1513,0,57.10,39.01,13.43,55.91
08:6B:D7:FE:13:F7,1637516343,121,1195,0,225.08,34.68,16.90,54.66
58:8E:81:72:F6:11,1637516313,245,1601,0,36.71,35.71,15.81,53.33
58:8E:81:72:F6:52,1637516289,325,1603,0,57.74,37.17,15.49,54.58
00:0B:57:64:8F:DD,1637516261,97,1043,0,25.21,36.91,14.68,51.10
14:B4:57:6D:A5:6D,1637516234,179,1512,0,57.23,39.07,13.49,53.53
08:6B:D7:FE:13:F7,1637516537,88,1012,0,225.08,34.80,16.75,56.93
58:8E:81:72:F6:11,1637516507,191,1529,0,36.61,35.48,15.81,54.99
58:8E:81:72:F6:52,1637516483,212,1513,0,57.68,37.14,15.14,55.13
00:0B:57:64:8F:DD,1637516455,90,997,0,25.30,36.77,14.65,50.57
14:B4:57:6D:A5:6D,1637516427,146,1341,0,56.75,39.27,13.23,53.43
08:6B:D7:FE:13:F7,1637516729,82,940,0,224.74,34.86,16.70,54.81
58:8E:81:72:F6:11,1637516700,168,1495,0,36.58,35.30,15.98,55.98
58:8E:81:72:F6:52,1637516676,532,1607,0,58.13,37.18,15.12,52.53
00:0B:57:64:8F:DD,1637516648,84,957,0,25.15,37.07,14.44,48.92
14:B4:57:6D:A5:6D,1637516621,110,1156,0,56.35,39.47,13.09,53.38
08:6B:D7:FE:13:F7,1637516924,81,933,0,236.90,34.86,16.66,57.14
58:8E:81:72:F6:11,1637516895,160,1495,0,36.58,35.36,15.94,53.91
58:8E:81:72:F6:52,1637516870,231,1482,0,57.90,37.07,15.49,53.19
00:0B:57:64:8F:DD,1637516841,99,1056,0,25.12,36.89,14.40,47.09
14:B4:57:6D:A5:6D,1637516813,102,1074,0,56.29,39.30,13.14,52.59
08:6B:D7:FE:13:F7,1637517117,65,848,0,226.62,34.83,16.66,54.52
58:8E:81:72:F6:11,1637517088,134,1281,0,70.41,35.67,15.71,53.77
58:8E:81:72:F6:52,1637517064,153,1242,0,81.35,37.18,14.81,57.47
00:0B:57:64:8F:DD,1637517036,83,950,0,25.34,36.99,14.47,50.10
14:B4:57:6D:A5:6D,1637517008,94,1047,0,69.35,38.95,13.31,54.74
08:6B:D7:FE:13:F7,1637517309,64,821,0,226.82,34.82,16.69,55.54
58:8E:81:72:F6:11,1637517280,132,1270,0,66.50,35.63,15.77,53.50
58:8E:81:72:F6:52,1637517256,98,1095,0,78.26,37.24,14.96,52.31
00:0B:57:64:8F:DD,1637517228,77,901,0,19.24,36.82,14.66,50.61
14:B4:57:6D:A5:6D,1637517201,80,918,0,67.17,38.88,13.45,53.63
08:6B:D7:FE:13:F7,1637517502,58,783,0,226.85,34.84,16.71,57.65
58:8E:81:72:F6:11,1637517472,126,1228,0,64.80,35.73,15.59,53.09
58:8E:81:72:F6:52,1637517448,113,1144,0,77.11,37.36,15.09,53.42
00:0B:57:64:8F:DD,1637517420,75,894,0,19.71,37.25,14.34,55.02
14:B4:57:6D:A5:6D,1637517393,74,900,0,66.36,39.05,13.40,54.23
08:6B:D7:FE:13:F7,1637517694,50,733,0,226.99,34.83,16.59,54.47
58:8E:81:72:F6:11,1637517665,108,1113,0,65.32,35.52,15.78,53.23
58:8E:81:72:F6:52,1637517641,90,1077,0,77.33,37.08,15.17,53.76
00:0B:57:64:8F:DD,1637517613,73,874,0,19.43,37.54,14.10,51.04
14:B4:57:6D:A5:6D,1637517586,63,817,0,66.11,39.12,13.28,56.97
08:6B:D7:FE:13:F7,1637517887,61,802,0,190.11,34.99,16.86,53.53
58:8E:81:72:F6:11,1637517858,117,1204,0,62.47,36.10,15.88,56.76
58:8E:81:72:F6:52,1637517834,117,1334,0,72.75,37.33,15.18,51.97
00:0B:57:64:8F:DD,1637517805,69,857,0,19.65,37.59,13.82,49.62
14:B4:57:6D:A5:6D,1637517778,59,793,0,66.08,38.66,13.59,52.79
08:6B:D7:FE:13:F7,1637518080,50,733,0,185.81,35.16,16.46,52.14
58:8E:81:72:F6:11,1637518051,101,1065,0,61.97,35.86,15.58,54.45
58:8E:81:72:F6:52,1637518027,112,1288,0,72.54,37.49,14.83,57.36
00:0B:57:64:8F:DD,1637517999,69,857,0,17.45,37.44,14.22,54.73
14:B4:57:6D:A5:6D,1637517972,58,793,0,25.31,38.67,13.52,58.70
08:6B:D7:FE:13:F7,1637518273,45,699,0,183.47,35.27,16.48,54.47
58:8E:81:72:F6:11,1637518244,114,1150,0,62.10,35.77,15.71,53.33
58:8E:81:72:F6:52,1637518220,107,1184,0,72.79,37.44,14.72,52.46
00:0B:57:64:8F:DD,1637518192,72,874,0,16.98,37.54,14.04,48.73
14:B4:57:6D:A5:6D,1637518165,57,776,0,25.15,39.18,13.47,53.29
08:6B:D7:FE:13:F7,1637518466,44,694,0,181.00,35.44,16.26,53.61
58:8E:81:72:F6:11,1637518437,93,1014,0,62.03,35.76,15.65,54.18
58:8E:81:72:F6:52,1637518413,122,970,0,72.49,37.39,14.85,51.84
00:0B:57:64:8F:DD,1637518385,76,901,0,17.32,37.39,14.11,49.68
14:B4:57:6D:A5:6D,1637518357,51,735,0,25.34,39.33,13.30,53.28
08:6B:D7:FE:13:F7,1637518658,47,728,0,179.45,35.50,16.30,57.53
58:8E:81:72:F6:11,1637518629,102,1074,0,61.78,35.78,15.77,56.76
58:8E:81:72:F6:52,1637518605,88,1255,0,72.49,37.30,15.11,60.18
00:0B:57:64:8F:DD,1637518577,73,894,0,17.14,37.14,14.28,57.98
14:B4:57:6D:A5:6D,1637518550,45,706,0,25.18,39.41,13.17,54.87
08:6B:D7:FE:13:F7,1637518850,44,697,0,177.51,35.46,16.29,55.58
58:8E:81:72:F6:11,1637518821,91,1029,0,61.84,35.89,15.62,55.67
58:8E:81:72:F6:52,1637518797,74,1188,0,72.43,37.70,14.88,52.70
00:0B:57:64:8F:DD,1637518769,75,894,0,16.92,37.56,14.14,57.20
14:B4:57:6D:A5:6D,1637518742,48,719,0,24.97,39.47,13.13,54.94
08:6B:D7:FE:13:F7,1637519043,50,714,0,176.12,35.58,16.30,54.58
58:8E:81:72:F6:11,1637519013,99,1056,0,62.09,36.02,15.69,58.12
58:8E:81:72:F6:52,1637518989,79,945,0,72.07,37.38,15.27,56.51
00:0B:57:64:8F:DD,1637518961,75,894,0,22.11,37.39,14.10,51.85
14:B4:57:6D:A5:6D,1637518934,73,874,0,25.15,39.49,13.25,54.19
08:6B:D7:FE:13:F7,1637519215,62,791,0,173.76,35.73,16.24,62.99
58:8E:81:72:F6:11,1637519186,133,1238,0,61.85,36.24,15.53,58.34
58:8E:81:72:F6:52,1637519162,172,1201,0,72.24,37.53,15.17,62.15
14:B4:57:6D:A5:6D,1637519127,83,961,0,24.97,39.43,13.43,60.48
08:6B:D7:FE:13:F7,1637519407,53,752,0,173.73,35.67,16.07,59.28
58:8E:81:72:F6:11,1637519378,115,1191,0,62.43,36.18,15.44,57.03
58:8E:81:72:F6:52,1637519354,96,1195,0,72.46,37.39,15.05,62.26
00:0B:57:64:8F:DD,1637519327,110,1126,0,17.01,37.47,14.30,52.40
14:B4:57:6D:A5:6D,1637519300,89,959,0,25.18,39.41,13.39,69.84
08:6B:D7:FE:13:F7,1637519931,51,735,0,158.12,35.23,16.49,76.16
58:8E:81:72:F6:11,1637519902,111,1134,0,62.00,36.07,15.57,76.16
58:8E:81:72:F6:52,1637519876,116,1487,0,71.68,37.64,15.19,62.75
00:0B:57:64:8F:DD,1637519847,97,1043,0,17.23,37.34,14.61,70.72
14:B4:57:6D:A5:6D,1637519819,60,761,0,24.84,39.33,13.38,69.50
08:6B:D7:FE:13:F7,1637520125,49,744,0,108.58,32.10,19.19,64.13
58:8E:81:72:F6:11,1637520096,110,1191,0,61.06,36.26,15.46,58.91
58:8E:81:72:F6:52,1637520072,119,1128,0,71.27,38.21,14.69,59.73
00:0B:57:64:8F:DD,1637520044,92,1006,0,17.36,37.66,14.17,62.22
14:B4:57:6D:A5:6D,1637520016,54,757,0,21.43,36.04,15.43,59.83
08:6B:D7:FE:13:F7,1637520318,56,774,0,109.62,31.22,20.54,61.13
58:8E:81:72:F6:11,1637520289,113,1147,0,60.81,36.43,15.54,57.89
58:8E:81:72:F6:52,1637520265,156,1560,0,71.05,37.57,15.36,53.50
00:0B:57:64:8F:DD,1637520237,93,997,0,17.42,37.70,14.13,63.38
14:B4:57:6D:A5:6D,1637520209,61,795,0,21.28,35.35,16.28,57.35
08:6B:D7:FE:13:F7,1637520516,47,714,0,108.35,30.93,20.89,53.88
58:8E:81:72:F6:11,1637520487,107,1105,0,60.90,36.30,15.40,59.06
58:8E:81:72:F6:52,1637520463,99,1056,0,71.15,38.00,14.78,54.65
00:0B:57:64:8F:DD,1637520432,81,950,0,10.58,34.87,16.19,55.32
14:B4:57:6D:A5:6D,1637520403,56,774,0,21.62,35.23,16.60,56.40
08:6B:D7:FE:13:F7,1637520688,57,776,0,108.70,30.84,21.07,55.32
58:8E:81:72:F6:11,1637520659,122,1201,0,61.03,36.16,15.59,54.09
58:8E:81:72:F6:52,1637520635,242,1517,0,71.52,37.37,14.98,52.63
14:B4:57:6D:A5:6D,1637520600,58,785,0,21.81,35.25,16.45,55.11
08:6B:D7:FE:13:F7,1637520880,183,1517,0,124.16,30.86,20.97,60.39
58:8E:81:72:F6:11,1637520851,341,1703,0,61.36,36.22,15.47,60.81
58:8E:81:72:F6:52,1637520827,295,1669,0,71.76,38.10,14.81,59.40
00:0B:57:64:8F:DD,1637520799,180,1659,0,10.45,33.98,17.43,58.18
14:B4:57:6D:A5:6D,1637520772,295,1656,0,21.81,35.18,16.65,59.31
08:6B:D7:FE:13:F7,1637521074,124,1220,0,171.40,34.09,18.01,57.21
58:8E:81:72:F6:11,1637521044,240,1583,0,62.15,36.51,15.30,58.81
58:8E:81:72:F6:52,1637521019,265,1725,0,72.43,38.39,14.58,52.60
00:0B:57:64:8F:DD,1637520991,150,1366,0,16.42,37.42,14.71,49.57
14:B4:57:6D:A5:6D,1637520964,159,1474,0,25.43,38.39,14.28,61.60
08:6B:D7:FE:13:F7,1637521267,90,995,0,171.44,34.92,16.96,56.34
58:8E:81:72:F6:11,1637521238,186,1513,0,62.68,36.43,15.30,54.38
58:8E:81:72:F6:52,1637521214,314,1519,0,73.07,38.10,14.77,54.59
00:0B:57:64:8F:DD,1637521186,152,1400,0,16.52,37.82,14.08,48.60
14:B4:57:6D:A5:6D,1637521158,110,1125,0,25.31,39.03,13.56,55.91
08:6B:D7:FE:13:F7,1637521460,88,959,0,96.81,31.99,19.43,56.82
58:8E:81:72:F6:11,1637521431,163,1498,0,62.15,36.26,15.39,52.06
58:8E:81:72:F6:52,1637521407,131,1400,0,73.70,37.78,14.68,50.07
00:0B:57:64:8F:DD,1637521379,136,1297,0,16.61,37.57,14.09,49.11
14:B4:57:6D:A5:6D,1637521352,122,1090,0,24.03,39.20,13.73,54.74
08:6B:D7:FE:13:F7,1637521652,65,832,0,75.58,30.93,20.64,56.13
58:8E:81:72:F6:11,1637521623,141,1372,0,61.37,36.13,15.50,53.45
58:8E:81:72:F6:52,1637521599,105,1171,0,73.17,37.95,14.50,53.94
00:0B:57:64:8F:DD,1637521571,121,1213,0,16.86,37.13,14.54,52.35
14:B4:57:6D:A5:6D,1637521544,92,970,0,23.86,39.18,13.49,52.97
08:6B:D7:FE:13:F7,1637521845,41,675,0,74.79,30.75,20.68,54.27
58:8E:81:72:F6:11,1637521816,98,1014,0,52.05,35.52,15.66,58.25
58:8E:81:72:F6:52,1637521792,65,844,0,73.12,37.00,14.71,54.04
00:0B:57:64:8F:DD,1637521764,92,1006,0,16.26,36.75,14.41,51.97
14:B4:57:6D:A5:6D,1637521737,46,704,0,20.69,35.95,15.46,53.72
08:6B:D7:FE:13:F7,1637522038,37,643,0,74.23,30.60,20.77,53.60
58:8E:81:72:F6:11,1637522009,92,975,0,52.15,35.74,15.53,55.86
58:8E:81:72:F6:52,1637521985,90,905,0,71.33,34.43,16.62,52.81
00:0B:57:64:8F:DD,1637521957,92,1006,0,16.42,36.73,14.53,50.99
14:B4:57:6D:A5:6D,1637521929,44,694,0,20.44,35.18,16.10,53.16
08:6B:D7:FE:13:F7,1637522210,34,626,0,73.87,30.83,20.54,52.97
58:8E:81:72:F6:11,1637522181,82,940,0,50.64,32.75,17.82,53.60
58:8E:81:72:F6:52,1637522157,60,834,0,55.44,33.45,17.66,50.84
14:B4:57:6D:A5:6D,1637522123,39,660,0,19.85,34.80,16.50,53.22
08:6B:D7:FE:13:F7,1637522402,33,611,0,73.78,30.94,20.37,52.79
58:8E:81:72:F6:11,1637522373,85,933,0,50.65,31.79,19.05,53.47
58:8E:81:72:F6:52,1637522349,59,825,0,55.00,33.18,17.95,56.43
00:0B:57:64:8F:DD,1637522321,81,908,0,16.77,36.97,14.13,47.31
14:B4:57:6D:A5:6D,1637522294,37,643,0,20.10,34.87,16.39,53.53
08:6B:D7:FE:13:F7,1637522594,23,556,0,73.53,30.96,20.15,53.51
58:8E:81:72:F6:11,1637522565,69,880,0,50.73,31.48,19.19,54.14
58:8E:81:72:F6:52,1637522541,47,702,0,55.31,33.04,18.01,51.46
00:0B:57:64:8F:DD,1637522513,66,838,0,10.11,34.02,16.32,47.31
14:B4:57:6D:A5:6D,1637522486,32,614,0,19.82,34.91,16.27,53.49
08:6B:D7:FE:13:F7,1637522787,18,533,0,73.22,30.96,20.08,52.74
58:8E:81:72:F6:11,1637522758,58,804,0,50.46,31.41,19.25,54.02
58:8E:81:72:F6:52,1637522734,45,675,0,55.11,32.98,18.05,53.64
00:0B:57:64:8F:DD,1637522706,59,793,0,9.98,33.14,17.14,50.24
14:B4:57:6D:A5:6D,1637522678,21,545,0,19.85,34.77,16.28,53.19
08:6B:D7:FE:13:F7,1637522979,14,502,0,73.25,31.08,20.00,52.62
58:8E:81:72:F6:11,1637522950,56,774,0,50.73,31.46,19.32,54.60
58:8E:81:72:F6:52,1637522926,53,772,0,55.34,32.58,18.49,52.50
00:0B:57:64:8F:DD,1637522898,54,760,0,9.83,32.91,17.47,46.88
14:B4:57:6D:A5:6D,1637522871,21,526,0,19.79,34.91,16.19,53.81
08:6B:D7:FE:13:F7,1637523173,38,415,0,74.85,30.85,19.84,59.99
58:8E:81:72:F6:11,1637523143,34,566,0,50.90,30.97,19.30,61.61
58:8E:81:72:F6:52,1637523118,11,519,0,55.24,31.99,18.71,55.80
00:0B:57:64:8F:DD,1637523090,38,658,0,10.02,32.60,17.17,55.40
14:B4:57:6D:A5:6D,1637523063,11,478,0,20.10,34.90,16.14,57.30
08:6B:D7:FE:13:F7,1637523366,52,728,0,60.16,31.35,20.81,59.33
58:8E:81:72:F6:11,1637523336,88,981,0,50.65,31.67,20.10,64.64
58:8E:81:72:F6:52,1637523312,89,987,0,54.86,32.45,20.71,66.56
00:0B:57:64:8F:DD,1637523284,38,658,0,10.61,33.04,17.73,57.04
14:B4:57:6D:A5:6D,1637523257,420,2076,0,22.34,34.39,16.73,64.92
08:6B:D7:FE:13:F7,1637523559,79,880,0,76.62,31.84,20.41,59.50
58:8E:81:72:F6:11,1637523530,195,1535,0,60.01,32.24,19.60,54.64
58:8E:81:72:F6:52,1637523506,234,1663,0,55.44,33.59,18.62,61.05
00:0B:57:64:8F:DD,1637523478,68,793,0,9.17,34.65,16.83,55.86
14:B4:57:6D:A5:6D,1637523451,62,804,0,17.88,36.59,15.65,58.77
08:6B:D7:FE:13:F7,1637523751,138,1307,0,97.56,32.02,20.79,53.91
58:8E:81:72:F6:11,1637523722,261,1616,0,61.97,35.67,17.11,56.50
58:8E:81:72:F6:52,1637523698,215,1552,0,73.67,36.92,16.46,59.60
00:0B:57:64:8F:DD,1637523670,84,975,0,336.32,35.15,16.34,55.51
14:B4:57:6D:A5:6D,1637523643,143,1400,0,20.97,36.04,16.66,63.26
08:6B:D7:FE:13:F7,1637523944,145,1356,0,124.05,34.69,18.32,54.66
58:8E:81:72:F6:11,1637523915,269,1638,0,62.93,36.22,16.36,55.75
58:8E:81:72:F6:52,1637523891,184,1508,0,74.83,37.91,15.46,54.17
00:0B:57:64:8F:DD,1637523862,87,975,0,10.45,35.11,16.61,47.87
14:B4:57:6D:A5:6D,1637523835,167,1499,0,24.54,38.96,14.62,53.02
08:6B:D7:FE:13:F7,1637524140,143,1345,0,125.33,35.48,17.39,55.46
58:8E:81:72:F6:11,1637524111,266,1624,0,63.15,36.40,16.19,53.76
58:8E:81:72:F6:52,1637524086,170,1518,0,74.91,38.04,15.22,52.25
00:0B:57:64:8F:DD,1637524057,90,997,0,10.08,35.43,16.29,46.80
14:B4:57:6D:A5:6D,1637524029,153,1408,0,24.97,39.45,13.98,52.87
08:6B:D7:FE:13:F7,1637524333,142,1338,0,125.04,35.79,17.03,53.96
58:8E:81:72:F6:11,1637524304,264,1620,0,62.83,36.52,16.08,53.75
58:8E:81:72:F6:52,1637524279,168,1504,0,75.02,38.30,14.95,52.74
00:0B:57:64:8F:DD,1637524251,89,1006,0,9.98,35.57,16.22,48.31
14:B4:57:6D:A5:6D,1637524224,152,1400,0,24.78,39.58,13.95,53.01
08:6B:D7:FE:13:F7,1637524505,156,1429,0,124.55,36.03,17.17,78.03
58:8E:81:72:F6:11,1637524476,297,1644,0,63.02,36.55,16.10,101.20
00:0B:57:64:8F:DD,1637524446,103,1065,0,17.88,38.25,14.37,99.21
14:B4:57:6D:A5:6D,1637524418,154,1441,0,24.44,39.92,13.78,64.78
08:6B:D7:FE:13:F7,1637524698,370,1743,0,122.44,36.35,16.72,73.00
58:8E:81:72:F6:11,1637524669,332,1668,0,62.55,36.89,15.95,72.69
58:8E:81:72:F6:52,1637524645,230,1569,0,74.75,37.74,15.54,82.75
00:0B:57:64:8F:DD,1637524617,188,1099,0,16.45,39.03,13.37,82.98
14:B4:57:6D:A5:6D,1637524589,188,1517,0,24.56,40.09,13.59,74.63
08:6B:D7:FE:13:F7,1637524891,241,1594,0,122.12,36.29,16.79,57.03
58:8E:81:72:F6:11,1637524862,467,1828,0,64.20,36.73,16.05,85.17
58:8E:81:72:F6:52,1637524838,340,1690,0,75.62,38.22,15.39,88.36
00:0B:57:64:8F:DD,1637524810,143,1328,0,16.92,39.33,13.40,72.25
14:B4:57:6D:A5:6D,1637524783,346,1707,0,24.81,39.80,14.05,72.80
08:6B:D7:FE:13:F7,1637525084,256,1599,0,123.07,36.45,16.85,89.57
58:8E:81:72:F6:11,1637525055,481,1825,0,64.27,36.82,16.34,73.62
58:8E:81:72:F6:52,1637525031,337,1726,0,76.15,37.49,15.83,64.29
00:0B:57:64:8F:DD,1637525002,147,1366,0,16.32,39.37,13.35,69.55
14:B4:57:6D:A5:6D,1637524975,267,1624,0,24.88,39.66,14.01,87.24
08:6B:D7:FE:13:F7,1637525279,243,1598,0,123.88,36.38,16.83,62.24
58:8E:81:72:F6:11,1637525250,477,1822,0,64.11,36.93,16.20,82.34
58:8E:81:72:F6:52,1637525225,360,1723,0,75.65,38.11,15.56,80.61
00:0B:57:64:8F:DD,1637525197,150,1387,0,16.32,39.46,13.37,83.68
14:B4:57:6D:A5:6D,1637525168,269,1627,0,24.91,39.99,13.95,62.89
08:6B:D7:FE:13:F7,1637525473,204,1564,0,121.24,36.44,16.75,72.58
58:8E:81:72:F6:11,1637525444,518,1833,0,66.36,36.94,16.19,57.62
58:8E:81:72:F6:52,1637525420,342,1704,0,77.45,37.89,16.18,56.55
00:0B:57:64:8F:DD,1637525392,152,1400,0,16.55,39.16,13.75,83.71
14:B4:57:6D:A5:6D,1637525364,280,1642,0,25.71,40.35,13.67,81.77
08:6B:D7:FE:13:F7,1637525666,131,1266,0,120.14,35.94,16.77,67.67
58:8E:81:72:F6:11,1637525637,268,1625,0,66.36,36.08,16.26,59.83
58:8E:81:72:F6:52,1637525612,226,1598,0,77.54,37.10,15.93,51.30
00:0B:57:64:8F:DD,1637525584,150,1366,0,17.23,37.70,14.56,66.69
14:B4:57:6D:A5:6D,1637525557,163,1470,0,25.71,40.14,13.51,62.13
08:6B:D7:FE:13:F7,1637525858,117,1174,0,120.11,35.79,16.84,56.75
58:8E:81:72:F6:11,1637525829,233,1598,0,66.36,35.94,16.43,57.62
58:8E:81:72:F6:52,1637525805,187,1573,0,77.60,36.88,16.35,55.77
00:0B:57:64:8F:DD,1637525777,132,1268,0,17.57,37.73,14.82,67.37
14:B4:57:6D:A5:6D,1637525750,137,1316,0,26.05,39.90,13.52,69.74
08:6B:D7:FE:13:F7,1637526050,94,1019,0,119.56,35.48,16.97,67.41
58:8E:81:72:F6:11,1637526021,195,1534,0,66.04,35.52,16.63,60.32
58:8E:81:72:F6:52,1637525997,154,1413,0,77.70,37.24,15.70,57.81
00:0B:57:64:8F:DD,1637525969,123,1195,0,17.20,37.82,14.61,54.30
14:B4:57:6D:A5:6D,1637525942,118,1178,0,25.71,40.06,13.47,53.08
08:6B:D7:FE:13:F7,1637526243,76,905,0,114.14,35.48,16.88,67.14
58:8E:81:72:F6:11,1637526214,161,1496,0,65.32,35.60,16.50,64.71
58:8E:81:72:F6:52,1637526189,170,1324,0,76.71,37.02,15.82,63.70
00:0B:57:64:8F:DD,1637526162,110,1137,0,17.29,37.45,14.79,69.24
14:B4:57:6D:A5:6D,1637526134,98,1047,0,25.68,39.83,13.49,68.98
08:6B:D7:FE:13:F7,1637526438,69,855,0,72.70,32.36,19.45,66.40
58:8E:81:72:F6:11,1637526409,146,1360,0,64.49,35.65,16.42,72.61
58:8E:81:72:F6:52,1637526384,163,1313,0,75.40,36.83,16.12,62.94
00:0B:57:64:8F:DD,1637526356,99,1043,0,17.26,37.18,14.93,63.85
14:B4:57:6D:A5:6D,1637526328,88,949,0,25.06,39.70,13.52,64.89
08:6B:D7:FE:13:F7,1637526632,68,832,0,71.91,31.58,20.58,71.20
58:8E:81:72:F6:11,1637526603,134,1281,0,64.27,35.63,16.40,57.20
58:8E:81:72:F6:52,1637526579,117,1242,0,75.02,36.61,15.99,67.09
00:0B:57:64:8F:DD,1637526551,92,1006,0,16.95,37.38,14.69,69.18
14:B4:57:6D:A5:6D,1637526523,71,880,0,22.31,36.78,15.32,68.19
08:6B:D7:FE:13:F7,1637526825,59,791,0,74.35,31.26,20.94,57.13
58:8E:81:72:F6:11,1637526796,126,1231,0,64.86,35.71,16.29,58.56
58:8E:81:72:F6:52,1637526771,104,1140,0,74.17,36.69,16.20,61.06
00:0B:57:64:8F:DD,1637526743,89,967,0,17.07,37.04,14.96,58.55
14:B4:57:6D:A5:6D,1637526716,67,844,0,21.81,35.88,16.17,65.60
08:6B:D7:FE:13:F7,1637527018,53,748,0,73.90,31.29,20.88,53.20
58:8E:81:72:F6:11,1637526989,119,1184,0,64.62,35.63,16.23,55.25
58:8E:81:72:F6:52,1637526965,103,1156,0,74.20,36.59,16.17,54.53
00:0B:57:64:8F:DD,1637526937,75,894,0,10.42,34.21,16.85,49.02
14:B4:57:6D:A5:6D,1637526909,63,815,0,21.56,35.86,16.27,55.76
08:6B:D7:FE:13:F7,1637527210,44,694,0,73.32,31.11,20.98,53.70
58:8E:81:72:F6:11,1637527181,102,1071,0,64.28,35.54,16.43,56.25
58:8E:81:72:F6:52,1637527157,117,1345,0,73.56,36.26,16.14,72.15
00:0B:57:64:8F:DD,1637527129,71,867,0,10.29,33.60,17.81,47.38
14:B4:57:6D:A5:6D,1637527102,56,752,0,21.15,35.74,16.27,57.25
08:6B:D7:FE:13:F7,1637527407,39,678,0,73.28,31.05,21.09,57.83
58:8E:81:72:F6:11,1637527377,97,1038,0,64.52,35.48,16.30,55.19
58:8E:81:72:F6:52,1637527353,84,1029,0,73.53,36.37,16.19,53.96
00:0B:57:64:8F:DD,1637527325,63,822,0,10.95,32.97,18.30,48.12
14:B4:57:6D:A5:6D,1637527296,46,702,0,21.28,35.50,16.44,56.41
08:6B:D7:FE:13:F7,1637527600,39,656,0,73.50,30.90,21.15,54.27
58:8E:81:72:F6:11,1637527571,90,992,0,64.37,35.63,16.17,56.49
58:8E:81:72:F6:52,1637527547,83,1014,0,73.26,36.34,16.14,56.58
00:0B:57:64:8F:DD,1637527519,62,799,0,10.29,33.14,18.16,57.88
14:B4:57:6D:A5:6D,1637527491,41,674,0,21.31,35.52,16.38,57.68
08:6B:D7:FE:13:F7,1637527795,40,679,0,73.63,31.12,20.87,58.74
58:8E:81:72:F6:11,1637527764,84,956,0,53.65,32.68,18.68,57.36
58:8E:81:72:F6:52,1637527739,82,880,0,58.27,36.21,16.36,57.35
00:0B:57:64:8F:DD,1637527711,59,784,0,10.86,33.23,18.04,54.63
14:B4:57:6D:A5:6D,1637527684,42,679,0,20.44,35.41,16.65,62.72
58:8E:81:72:F6:11,1637527958,87,1007,0,53.68,31.72,19.86,56.59
58:8E:81:72:F6:52,1637527934,100,981,0,56.55,33.72,18.47,53.76
00:0B:57:64:8F:DD,1637527906,71,838,0,10.92,33.24,17.97,51.83
14:B4:57:6D:A5:6D,1637527879,38,652,0,20.16,35.31,16.51,60.90
08:6B:D7:FE:13:F7,1637528158,55,802,0,73.44,31.15,20.94,57.05
58:8E:81:72:F6:11,1637528129,122,1207,0,64.37,34.84,17.40,54.04
58:8E:81:72:F6:52,1637528104,80,1001,0,71.48,32.73,19.65,55.92
00:0B:57:64:8F:DD,1637528076,77,919,0,11.04,33.47,17.87,52.94
14:B4:57:6D:A5:6D,1637528049,54,761,0,20.78,35.39,16.59,55.56
08:6B:D7:FE:13:F7,1637528351,60,800,0,95.30,31.11,21.09,64.36
58:8E:81:72:F6:11,1637528322,133,1274,0,233.97,35.59,16.36,61.81
58:8E:81:72:F6:52,1637528297,121,1134,0,99.21,35.37,16.94,55.76
00:0B:57:64:8F:DD,1637528269,83,975,0,10.29,33.41,17.98,52.09
14:B4:57:6D:A5:6D,1637528242,67,851,0,21.06,35.52,16.58,58.17
08:6B:D7:FE:13:F7,1637528544,65,830,0,100.91,31.04,21.13,59.21
58:8E:81:72:F6:11,1637528515,136,1299,0,249.90,35.84,15.99,61.42
58:8E:81:72:F6:52,1637528491,171,1017,0,139.47,36.61,16.19,62.02
00:0B:57:64:8F:DD,1637528463,97,1065,0,44.84,33.62,17.85,55.35
14:B4:57:6D:A5:6D,1637528435,73,889,0,115.54,35.59,16.49,57.72
08:6B:D7:FE:13:F7,1637528717,56,770,0,96.32,31.05,21.06,53.66
58:8E:81:72:F6:11,1637528688,129,1285,0,246.50,35.93,16.05,62.12
58:8E:81:72:F6:52,1637528664,105,1316,0,139.59,36.53,16.08,61.15
14:B4:57:6D:A5:6D,1637528629,73,880,0,143.83,35.60,16.52,59.89
08:6B:D7:FE:13:F7,1637528911,49,728,0,91.90,30.94,21.25,65.63
58:8E:81:72:F6:11,1637528882,134,1178,0,221.73,35.57,16.30,59.47
58:8E:81:72:F6:52,1637528858,96,956,0,134.17,36.89,15.69,57.49
00:0B:57:64:8F:DD,1637528830,92,975,0,49.38,36.83,14.92,49.85
14:B4:57:6D:A5:6D,1637528802,56,783,0,133.80,35.44,16.59,62.25
08:6B:D7:FE:13:F7,1637529104,46,704,0,93.62,31.03,21.16,56.55
58:8E:81:72:F6:11,1637529075,105,1093,0,195.24,35.67,16.14,60.44
58:8E:81:72:F6:52,1637529051,90,1053,0,107.48,33.41,18.44,59.83
00:0B:57:64:8F:DD,1637529023,76,901,0,36.48,34.65,16.59,56.27
14:B4:57:6D:A5:6D,1637528996,52,746,0,117.68,35.34,16.62,62.68
08:6B:D7:FE:13:F7,1637529296,36,652,0,94.69,31.17,20.95,55.90
58:8E:81:72:F6:11,1637529267,98,1047,0,184.48,35.46,16.48,56.65
58:8E:81:72:F6:52,1637529243,85,895,0,109.11,35.54,16.76,60.00
00:0B:57:64:8F:DD,1637529215,71,857,0,35.71,33.44,17.72,56.61
14:B4:57:6D:A5:6D,1637529188,50,742,0,116.62,35.59,16.49,58.84
08:6B:D7:FE:13:F7,1637529491,36,638,0,94.13,31.08,21.07,56.03
58:8E:81:72:F6:11,1637529462,87,977,0,192.07,35.74,16.20,57.08
58:8E:81:72:F6:52,1637529437,128,1147,0,106.69,32.97,18.99,54.75
00:0B:57:64:8F:DD,1637529408,63,808,0,41.03,32.96,18.33,47.82
14:B4:57:6D:A5:6D,1637529380,47,717,0,115.47,35.52,16.51,55.90
08:6B:D7:FE:13:F7,1637529684,33,620,0,94.46,31.15,21.05,51.90
58:8E:81:72:F6:11,1637529655,86,970,0,180.99,32.80,18.65,53.37
58:8E:81:72:F6:52,1637529631,113,902,0,94.25,35.64,17.51,53.69
00:0B:57:64:8F:DD,1637529603,58,793,0,40.65,32.91,18.49,50.36
14:B4:57:6D:A5:6D,1637529576,37,646,0,114.70,35.59,16.53,54.53
08:6B:D7:FE:13:F7,1637529882,28,589,0,93.60,31.10,21.06,55.65
58:8E:81:72:F6:11,1637529852,85,940,0,180.36,31.74,19.88,53.08
58:8E:81:72:F6:52,1637529828,90,995,0,91.35,33.21,18.66,57.17
00:0B:57:64:8F:DD,1637529800,58,784,0,40.16,33.44,18.00,49.06
14:B4:57:6D:A5:6D,1637529771,36,637,0,114.46,35.71,16.39,56.77
08:6B:D7:FE:13:F7,1637530054,28,570,0,93.50,31.12,21.03,51.14
58:8E:81:72:F6:11,1637530025,76,905,0,179.90,31.47,20.18,52.87
58:8E:81:72:F6:52,1637530001,82,798,0,91.35,32.93,19.60,53.21
14:B4:57:6D:A5:6D,1637529966,30,597,0,113.60,35.84,16.26,52.94
08:6B:D7:FE:13:F7,1637530248,23,553,0,93.47,31.07,21.11,53.15
58:8E:81:72:F6:11,1637530219,83,923,0,178.91,31.34,20.63,57.61
58:8E:81:72:F6:52,1637530195,55,810,0,90.80,32.55,19.41,55.48
00:0B:57:64:8F:DD,1637530167,55,760,0,39.27,33.34,18.00,48.53
14:B4:57:6D:A5:6D,1637530139,25,572,0,113.76,35.82,16.25,54.80
08:6B:D7:FE:13:F7,1637530441,19,530,0,93.77,31.22,20.83,52.78
58:8E:81:72:F6:11,1637530412,74,865,0,179.32,31.44,20.27,54.22
58:8E:81:72:F6:52,1637530388,69,951,0,90.52,32.31,20.45,56.62
00:0B:57:64:8F:DD,1637530360,52,739,0,39.38,33.40,17.88,56.34
14:B4:57:6D:A5:6D,1637530333,25,570,0,113.68,35.84,16.23,57.36
08:6B:D7:FE:13:F7,1637530634,19,526,0,93.31,31.19,20.85,59.63
58:8E:81:72:F6:11,1637530605,69,885,0,180.96,31.27,20.33,53.52
58:8E:81:72:F6:52,1637530581,85,895,0,92.06,32.60,19.87,55.17
00:0B:57:64:8F:DD,1637530553,51,739,0,39.57,33.49,17.84,49.02
14:B4:57:6D:A5:6D,1637530526,21,549,0,114.66,35.87,16.13,53.27
08:6B:D7:FE:13:F7,1637530827,19,530,0,94.79,31.34,20.71,53.59
58:8E:81:72:F6:11,1637530798,73,853,0,180.14,31.58,20.25,53.84
58:8E:81:72:F6:52,1637530773,70,889,0,91.82,32.19,20.27,55.44
00:0B:57:64:8F:DD,1637530745,49,728,0,39.33,33.45,17.80,55.79
14:B4:57:6D:A5:6D,1637530718,21,540,0,114.63,35.86,16.17,54.63
08:6B:D7:FE:13:F7,1637531021,19,529,0,95.79,31.44,20.53,57.53
58:8E:81:72:F6:11,1637530992,71,821,0,180.76,31.60,20.21,54.92
58:8E:81:72:F6:52,1637530968,61,748,0,91.35,32.19,20.17,54.28
00:0B:57:64:8F:DD,1637530940,49,728,0,39.91,33.25,18.13,54.29
14:B4:57:6D:A5:6D,1637530912,20,539,0,114.70,35.90,16.06,51.67
08:6B:D7:FE:13:F7,1637531214,15,500,0,93.57,31.46,20.48,54.29
58:8E:81:72:F6:11,1637531185,63,815,0,180.83,31.79,19.92,56.34
58:8E:81:72:F6:52,1637531161,69,880,0,91.74,32.42,19.98,58.11
00:0B:57:64:8F:DD,1637531133,51,733,0,39.60,33.16,18.10,49.48
14:B4:57:6D:A5:6D,1637531105,15,506,0,114.71,35.89,16.07,60.72
08:6B:D7:FE:13:F7,1637531406,18,520,0,93.75,31.40,20.65,53.01
58:8E:81:72:F6:11,1637531377,70,813,0,180.63,31.74,20.01,53.64
58:8E:81:72:F6:52,1637531353,78,813,0,91.31,32.32,20.00,55.54
00:0B:57:64:8F:DD,1637531325,50,739,0,39.45,33.37,18.00,49.79
14:B4:57:6D:A5:6D,1637531298,20,529,0,114.86,35.92,16.10,52.56
08:6B:D7:FE:13:F7,1637531600,17,518,0,93.44,31.30,20.78,52.52
58:8E:81:72:F6:11,1637531570,69,882,0,180.44,31.47,20.45,52.95
58:8E:81:72:F6:52,1637531546,73,865,0,91.71,32.32,20.13,54.13
00:0B:57:64:8F:DD,1637531518,50,746,0,39.49,33.38,17.94,47.38
14:B4:57:6D:A5:6D,1637531491,21,546,0,114.41,35.89,16.30,52.35
08:6B:D7:FE:13:F7,1637531793,43,671,0,93.37,31.35,21.03,57.08
58:8E:81:72:F6:11,1637531764,99,1056,0,180.58,31.95,20.05,55.15
58:8E:81:72:F6:52,1637531740,58,836,0,91.68,33.03,19.53,54.27
00:0B:57:64:8F:DD,1637531712,52,746,0,38.90,33.35,18.21,46.18
14:B4:57:6D:A5:6D,1637531685,22,555,0,114.07,35.88,16.12,52.56
08:6B:D7:FE:13:F7,1637531988,52,744,0,93.79,31.68,20.99,52.70
58:8E:81:72:F6:11,1637531958,131,1262,0,184.33,35.73,16.97,53.72
58:8E:81:72:F6:52,1637531933,79,967,0,107.12,33.37,19.40,54.13
00:0B:57:64:8F:DD,1637531905,57,774,0,38.31,34.69,17.01,54.94
14:B4:57:6D:A5:6D,1637531878,55,763,0,114.86,35.63,16.79,57.36
08:6B:D7:FE:13:F7,1637532197,72,874,0,92.73,32.14,21.16,63.79
58:8E:81:72:F6:11,1637532162,172,1500,0,183.92,36.81,16.02,60.48
58:8E:81:72:F6:52,1637532133,89,961,0,105.80,33.30,19.16,55.37
00:0B:57:64:8F:DD,1637532101,62,814,0,41.31,34.39,17.30,49.31
14:B4:57:6D:A5:6D,1637532071,72,868,0,115.03,35.87,16.88,53.03
08:6B:D7:FE:13:F7,1637532391,71,870,0,93.22,31.82,21.12,52.85
58:8E:81:72:F6:11,1637532360,170,1498,0,191.73,36.89,15.85,54.50
58:8E:81:72:F6:52,1637532334,97,1065,0,106.20,33.98,18.90,56.38
14:B4:57:6D:A5:6D,1637532290,87,959,0,115.06,36.22,16.52,59.77
08:6B:D7:FE:13:F7,1637532562,84,954,0,93.44,31.81,21.15,55.11
58:8E:81:72:F6:11,1637532533,194,1533,0,192.43,36.73,15.99,53.23
58:8E:81:72:F6:52,1637532509,105,1090,0,108.96,36.15,16.93,51.98
14:B4:57:6D:A5:6D,1637532475,84,942,0,115.66,36.38,16.53,52.64
08:6B:D7:FE:13:F7,1637532755,75,897,0,116.33,31.57,21.38,53.67
58:8E:81:72:F6:11,1637532726,174,1504,0,192.65,36.63,16.06,53.25
58:8E:81:72:F6:52,1637532702,99,1019,0,109.92,37.58,15.65,52.05
00:0B:57:64:8F:DD,1637532674,68,848,0,41.43,35.11,16.77,45.94
14:B4:57:6D:A5:6D,1637532647,92,1007,0,115.35,36.36,16.56,52.74
08:6B:D7:FE:13:F7,1637532947,148,1341,0,116.25,31.86,22.39,60.13
58:8E:81:72:F6:11,1637532918,342,1704,0,192.62,36.77,16.88,55.66
58:8E:81:72:F6:52,1637532894,229,1591,0,109.74,37.43,16.57,55.50
00:0B:57:64:8F:DD,1637532866,84,950,0,40.43,34.67,17.01,50.22
14:B4:57:6D:A5:6D,1637532839,132,1252,0,119.18,39.68,14.69,55.16
08:6B:D7:FE:13:F7,1637533140,186,1542,0,135.55,34.99,19.74,56.74
58:8E:81:72:F6:11,1637533111,521,1853,0,192.87,36.92,17.24,65.71
58:8E:81:72:F6:52,1637533087,312,1673,0,110.33,37.69,17.14,65.18
00:0B:57:64:8F:DD,1637533059,103,1065,0,52.64,34.25,18.74,52.45
14:B4:57:6D:A5:6D,1637533032,271,1624,0,119.86,40.53,14.58,60.62
08:6B:D7:FE:13:F7,1637533333,199,1540,0,135.66,36.07,18.56,53.42
58:8E:81:72:F6:11,1637533304,518,1852,0,193.13,36.80,17.32,54.39
58:8E:81:72:F6:52,1637533280,287,1669,0,110.43,37.71,16.70,52.36
00:0B:57:64:8F:DD,1637533251,110,1126,0,65.05,37.89,16.21,53.10
14:B4:57:6D:A5:6D,1637533224,239,1594,0,119.80,40.31,14.59,60.19
08:6B:D7:FE:13:F7,1637533525,275,1632,0,135.75,36.35,18.13,54.25
58:8E:81:72:F6:11,1637533496,653,1945,0,192.72,36.47,17.53,56.90
58:8E:81:72:F6:52,1637533472,371,1678,0,109.99,36.97,17.23,53.49
00:0B:57:64:8F:DD,1637533444,168,1526,0,65.05,39.46,14.51,50.60
14:B4:57:6D:A5:6D,1637533417,261,1610,0,119.73,40.39,14.56,53.57
08:6B:D7:FE:13:F7,1637533719,254,1608,0,135.78,36.40,18.18,55.16
58:8E:81:72:F6:11,1637533690,647,1939,0,192.48,36.47,17.71,54.05
58:8E:81:72:F6:52,1637533665,354,1715,0,110.43,37.45,17.26,51.91
00:0B:57:64:8F:DD,1637533637,143,1341,0,65.39,39.76,14.35,48.48
14:B4:57:6D:A5:6D,1637533610,330,1691,0,119.99,40.48,14.59,53.09
58:8E:81:72:F6:11,1637533883,641,1954,0,192.29,36.46,17.77,54.52
58:8E:81:72:F6:52,1637533859,381,1741,0,110.43,37.53,17.31,53.59
00:0B:57:64:8F:DD,1637533831,163,1458,0,65.08,39.61,14.39,48.70
14:B4:57:6D:A5:6D,1637533803,310,1671,0,119.58,40.63,14.62,54.07
08:6B:D7:FE:13:F7,1637534082,289,1650,0,136.41,36.33,18.30,53.44
58:8E:81:72:F6:11,1637534053,703,1996,0,192.37,36.40,17.84,52.82
58:8E:81:72:F6:52,1637534029,377,1738,0,110.33,37.58,17.01,52.20
00:0B:57:64:8F:DD,1637534001,180,1585,0,65.08,39.48,14.45,45.73
14:B4:57:6D:A5:6D,1637533974,313,1674,0,119.49,40.79,14.47,53.54
08:6B:D7:FE:13:F7,1637534275,287,1647,0,136.03,36.31,18.38,53.87
58:8E:81:72:F6:11,1637534245,734,1993,0,192.78,36.41,17.86,54.59
58:8E:81:72:F6:52,1637534221,407,1736,0,110.33,37.61,16.90,53.00
00:0B:57:64:8F:DD,1637534193,171,1526,0,65.05,39.76,14.39,47.22
14:B4:57:6D:A5:6D,1637534166,348,1709,0,119.35,40.33,14.72,53.82
08:6B:D7:FE:13:F7,1637534469,275,1632,0,136.19,36.36,18.31,52.89
58:8E:81:72:F6:11,1637534439,694,1970,0,192.56,36.46,17.83,53.15
58:8E:81:72:F6:52,1637534415,370,1733,0,110.40,37.52,16.72,52.36
00:0B:57:64:8F:DD,1637534387,168,1495,0,65.71,39.65,14.35,45.39
14:B4:57:6D:A5:6D,1637534360,324,1686,0,119.80,40.24,14.87,53.02
08:6B:D7:FE:13:F7,1637534662,252,1607,0,135.30,36.34,18.25,52.71
58:8E:81:72:F6:11,1637534633,653,1943,0,192.65,36.52,17.65,53.03
58:8E:81:72:F6:52,1637534609,355,1703,0,110.26,37.82,16.69,51.70
00:0B:57:64:8F:DD,1637534581,161,1458,0,66.56,39.60,14.31,46.50
14:B4:57:6D:A5:6D,1637534553,308,1669,0,119.35,40.02,14.99,52.44
08:6B:D7:FE:13:F7,1637534857,239,1594,0,135.80,36.35,18.14,53.78
58:8E:81:72:F6:11,1637534828,621,1923,0,192.33,36.70,17.43,53.75
58:8E:81:72:F6:52,1637534804,324,1661,0,110.26,37.69,16.50,51.95
00:0B:57:64:8F:DD,1637534776,157,1436,0,65.39,39.39,14.43,45.47
14:B4:57:6D:A5:6D,1637534747,296,1657,0,119.53,40.25,14.70,52.00
08:6B:D7:FE:13:F7,1637535051,229,1581,0,135.70,36.76,17.81,53.00
58:8E:81:72:F6:11,1637535022,614,1919,0,192.48,36.67,17.48,52.62
58:8E:81:72:F6:52,1637534998,266,1624,0,110.15,37.23,16.75,51.79
00:0B:57:64:8F:DD,1637534970,155,1400,0,65.73,39.50,14.37,45.77
14:B4:57:6D:A5:6D,1637534942,277,1635,0,119.22,39.88,14.91,52.62
08:6B:D7:FE:13:F7,1637535244,227,1578,0,135.42,37.02,17.55,53.38
58:8E:81:72:F6:11,1637535215,584,1879,0,191.67,36.44,17.60,53.24
58:8E:81:72:F6:52,1637535191,254,1621,0,109.80,37.04,16.94,51.41
00:0B:57:64:8F:DD,1637535163,150,1387,0,66.03,39.55,14.24,43.85
14:B4:57:6D:A5:6D,1637535136,265,1621,0,119.19,39.99,14.87,52.46
08:6B:D7:FE:13:F7,1637535436,217,1564,0,135.36,36.97,17.50,55.23
58:8E:81:72:F6:11,1637535407,548,1875,0,191.98,36.50,17.52,57.52
58:8E:81:72:F6:52,1637535383,283,1641,0,109.83,37.08,17.11,51.30
00:0B:57:64:8F:DD,1637535355,147,1366,0,65.63,39.72,14.16,44.82
14:B4:57:6D:A5:6D,1637535328,252,1607,0,119.06,40.13,14.80,52.50
58:8E:81:72:F6:11,1637535600,543,1870,0,192.48,36.58,17.48,54.44
58:8E:81:72:F6:52,1637535575,260,1625,0,109.80,36.85,17.06,55.39
00:0B:57:64:8F:DD,1637535547,143,1341,0,65.05,39.54,14.21,44.45
14:B4:57:6D:A5:6D,1637535520,240,1601,0,119.49,40.39,14.61,55.59
08:6B:D7:FE:13:F7,1637535799,198,1538,0,135.33,37.02,17.44,53.87
58:8E:81:72:F6:11,1637535770,538,1848,0,192.14,36.68,17.51,59.17
58:8E:81:72:F6:52,1637535746,288,1651,0,109.74,36.74,17.32,56.64
00:0B:57:64:8F:DD,1637535718,143,1341,0,64.74,39.54,14.24,49.91
14:B4:57:6D:A5:6D,1637535691,235,1588,0,119.40,40.32,14.59,53.41
08:6B:D7:FE:13:F7,1637535974,211,1556,0,135.55,36.96,17.46,54.65
58:8E:81:72:F6:11,1637535944,567,1887,0,192.48,36.64,17.46,52.76
58:8E:81:72:F6:52,1637535920,287,1647,0,109.71,36.69,17.18,52.90
14:B4:57:6D:A5:6D,1637535884,243,1603,0,119.16,40.65,14.44,52.84
08:6B:D7:FE:13:F7,1637536147,226,1578,0,135.74,36.37,18.00,53.41
58:8E:81:72:F6:11,1637536118,617,1920,0,192.40,36.71,17.42,53.07
58:8E:81:72:F6:52,1637536094,334,1708,0,110.08,36.80,17.49,52.07
14:B4:57:6D:A5:6D,1637536059,253,1602,0,119.58,40.65,14.37,53.45
08:6B:D7:FE:13:F7,1637536341,232,1585,0,135.55,36.11,18.43,54.26
58:8E:81:72:F6:11,1637536312,643,1937,0,190.27,36.87,17.39,54.64
58:8E:81:72:F6:52,1637536287,345,1694,0,109.99,37.00,17.62,53.65
00:0B:57:64:8F:DD,1637536259,157,1458,0,64.70,39.62,14.38,45.53
14:B4:57:6D:A5:6D,1637536232,268,1625,0,119.44,40.49,14.49,55.65
